Timestamp    | Direction  | Target   | Bytes | Payload Data
----------------------------------------------------------------------------------------------------
0.678416     | IN         | 7.3      | 1     | 90
0.678932     | IN         | 7.3      | 1     | 0c
0.679348     | IN         | 7.3      | 1     | 7f
0.737480     | IN         | 7.3      | 1     | 90
0.738005     | IN         | 7.3      | 1     | 0c
0.738415     | IN         | 7.3      | 1     | 00
0.962673     | IN         | 7.3      | 1     | 90
0.963196     | IN         | 7.3      | 1     | 0c
0.963611     | IN         | 7.3      | 1     | 7f
1.031527     | IN         | 7.3      | 1     | 90
1.032052     | IN         | 7.3      | 1     | 0c
1.032473     | IN         | 7.3      | 1     | 00
2.096503     | IN         | 7.3      | 1     | b0
2.096970     | IN         | 7.3      | 1     | 22
2.097329     | IN         | 7.3      | 1     | 3f
2.104949     | IN         | 7.3      | 1     | b0
2.105367     | IN         | 7.3      | 1     | 22
2.105786     | IN         | 7.3      | 1     | 3e
2.113894     | IN         | 7.3      | 1     | b0
2.114742     | IN         | 7.3      | 1     | 22
2.115161     | IN         | 7.3      | 1     | 39
2.122757     | IN         | 7.3      | 1     | b0
2.123169     | IN         | 7.3      | 1     | 22
2.123588     | IN         | 7.3      | 1     | 34
2.131710     | IN         | 7.3      | 1     | b0
2.132125     | IN         | 7.3      | 1     | 22
2.132543     | IN         | 7.3      | 1     | 2d
2.134787     | IN         | 7.3      | 1     | 90
2.135162     | IN         | 7.3      | 1     | 22
2.135668     | IN         | 7.3      | 1     | 7f
2.141090     | IN         | 7.3      | 1     | b0
2.141509     | IN         | 7.3      | 1     | 22
2.141919     | IN         | 7.3      | 1     | 23
2.149953     | IN         | 7.3      | 1     | b0
2.150371     | IN         | 7.3      | 1     | 22
2.150788     | IN         | 7.3      | 1     | 1d
2.158792     | IN         | 7.3      | 1     | b0
2.159248     | IN         | 7.3      | 1     | 22
2.159624     | IN         | 7.3      | 1     | 17
2.168168     | IN         | 7.3      | 1     | b0
2.168590     | IN         | 7.3      | 1     | 22
2.169009     | IN         | 7.3      | 1     | 0f
2.176917     | IN         | 7.3      | 1     | b0
2.177340     | IN         | 7.3      | 1     | 22
2.177759     | IN         | 7.3      | 1     | 11
2.185894     | IN         | 7.3      | 1     | b0
2.186295     | IN         | 7.3      | 1     | 22
2.186712     | IN         | 7.3      | 1     | 11
2.188068     | IN         | 7.3      | 1     | 90
2.188476     | IN         | 7.3      | 1     | 22
2.188914     | IN         | 7.3      | 1     | 00
2.194830     | IN         | 7.3      | 1     | b0
2.195250     | IN         | 7.3      | 1     | 22
2.195665     | IN         | 7.3      | 1     | 10
2.204126     | IN         | 7.3      | 1     | b0
2.204953     | IN         | 7.3      | 1     | 22
2.205465     | IN         | 7.3      | 1     | 0e
2.212955     | IN         | 7.3      | 1     | b0
2.213388     | IN         | 7.3      | 1     | 22
2.213916     | IN         | 7.3      | 1     | 12
2.221916     | IN         | 7.3      | 1     | b0
2.222329     | IN         | 7.3      | 1     | 22
2.222747     | IN         | 7.3      | 1     | 11
2.230818     | IN         | 7.3      | 1     | b0
2.231206     | IN         | 7.3      | 1     | 22
2.231627     | IN         | 7.3      | 1     | 11
2.240151     | IN         | 7.3      | 1     | b0
2.240569     | IN         | 7.3      | 1     | 22
2.241082     | IN         | 7.3      | 1     | 10
2.249150     | IN         | 7.3      | 1     | b0
2.249524     | IN         | 7.3      | 1     | 22
2.249955     | IN         | 7.3      | 1     | 11
2.258380     | IN         | 7.3      | 1     | b0
2.258799     | IN         | 7.3      | 1     | 22
2.259208     | IN         | 7.3      | 1     | 0f
2.266720     | IN         | 7.3      | 1     | b0
2.267233     | IN         | 7.3      | 1     | 22
2.267749     | IN         | 7.3      | 1     | 15
2.275981     | IN         | 7.3      | 1     | b0
2.276510     | IN         | 7.3      | 1     | 22
2.277027     | IN         | 7.3      | 1     | 0f
2.284839     | IN         | 7.3      | 1     | b0
2.285357     | IN         | 7.3      | 1     | 22
2.285821     | IN         | 7.3      | 1     | 13
2.294321     | IN         | 7.3      | 1     | b0
2.295142     | IN         | 7.3      | 1     | 22
2.295675     | IN         | 7.3      | 1     | 0f
2.303073     | IN         | 7.3      | 1     | b0
2.303628     | IN         | 7.3      | 1     | 22
2.304024     | IN         | 7.3      | 1     | 13
2.312131     | IN         | 7.3      | 1     | b0
2.312545     | IN         | 7.3      | 1     | 22
2.313276     | IN         | 7.3      | 1     | 12
2.320670     | IN         | 7.3      | 1     | b0
2.321295     | IN         | 7.3      | 1     | 22
2.321706     | IN         | 7.3      | 1     | 14
2.329731     | IN         | 7.3      | 1     | b0
2.330246     | IN         | 7.3      | 1     | 22
2.330872     | IN         | 7.3      | 1     | 12
2.338734     | IN         | 7.3      | 1     | b0
2.339205     | IN         | 7.3      | 1     | 22
2.339625     | IN         | 7.3      | 1     | 12
2.347644     | IN         | 7.3      | 1     | b0
2.348296     | IN         | 7.3      | 1     | 22
2.348896     | IN         | 7.3      | 1     | 13
2.356707     | IN         | 7.3      | 1     | b0
2.357233     | IN         | 7.3      | 1     | 22
2.357641     | IN         | 7.3      | 1     | 12
2.365672     | IN         | 7.3      | 1     | b0
2.366184     | IN         | 7.3      | 1     | 22
2.366712     | IN         | 7.3      | 1     | 13
2.374733     | IN         | 7.3      | 1     | b0
2.375304     | IN         | 7.3      | 1     | 22
2.375803     | IN         | 7.3      | 1     | 13
2.383803     | IN         | 7.3      | 1     | b0
2.384304     | IN         | 7.3      | 1     | 22
2.385147     | IN         | 7.3      | 1     | 13
2.393179     | IN         | 7.3      | 1     | b0
2.393577     | IN         | 7.3      | 1     | 22
2.394106     | IN         | 7.3      | 1     | 11
2.402236     | IN         | 7.3      | 1     | b0
2.402649     | IN         | 7.3      | 1     | 22
2.403070     | IN         | 7.3      | 1     | 13
2.410878     | IN         | 7.3      | 1     | b0
2.411303     | IN         | 7.3      | 1     | 22
2.411712     | IN         | 7.3      | 1     | 16
2.420239     | IN         | 7.3      | 1     | b0
2.420675     | IN         | 7.3      | 1     | 22
2.421186     | IN         | 7.3      | 1     | 11
2.428892     | IN         | 7.3      | 1     | b0
2.429306     | IN         | 7.3      | 1     | 22
2.429735     | IN         | 7.3      | 1     | 16
2.438056     | IN         | 7.3      | 1     | b0
2.438800     | IN         | 7.3      | 1     | 22
2.439204     | IN         | 7.3      | 1     | 12
2.447118     | IN         | 7.3      | 1     | b0
2.447551     | IN         | 7.3      | 1     | 22
2.447964     | IN         | 7.3      | 1     | 15
2.455987     | IN         | 7.3      | 1     | b0
2.456395     | IN         | 7.3      | 1     | 22
2.457023     | IN         | 7.3      | 1     | 15
2.464763     | IN         | 7.3      | 1     | b0
2.465268     | IN         | 7.3      | 1     | 22
2.465677     | IN         | 7.3      | 1     | 14
2.474115     | IN         | 7.3      | 1     | b0
2.475238     | IN         | 7.3      | 1     | 22
2.475677     | IN         | 7.3      | 1     | 12
2.483052     | IN         | 7.3      | 1     | b0
2.483467     | IN         | 7.3      | 1     | 22
2.483927     | IN         | 7.3      | 1     | 18
2.491803     | IN         | 7.3      | 1     | b0
2.492330     | IN         | 7.3      | 1     | 22
2.492866     | IN         | 7.3      | 1     | 21
2.500678     | IN         | 7.3      | 1     | b0
2.501327     | IN         | 7.3      | 1     | 22
2.501716     | IN         | 7.3      | 1     | 2b
2.510053     | IN         | 7.3      | 1     | b0
2.510554     | IN         | 7.3      | 1     | 22
2.510970     | IN         | 7.3      | 1     | 35
2.518900     | IN         | 7.3      | 1     | b0
2.519403     | IN         | 7.3      | 1     | 22
2.519940     | IN         | 7.3      | 1     | 3e
2.526957     | IN         | 7.3      | 1     | 90
2.527435     | IN         | 7.3      | 1     | 22
2.527867     | IN         | 7.3      | 1     | 7f
2.533153     | IN         | 7.3      | 1     | b0
2.533930     | IN         | 7.3      | 1     | 22
2.534456     | IN         | 7.3      | 1     | 41
2.542070     | IN         | 7.3      | 1     | b0
2.542776     | IN         | 7.3      | 1     | 22
2.543210     | IN         | 7.3      | 1     | 43
2.551305     | IN         | 7.3      | 1     | b0
2.552034     | IN         | 7.3      | 1     | 22
2.552430     | IN         | 7.3      | 1     | 44
2.560132     | IN         | 7.3      | 1     | b0
2.560876     | IN         | 7.3      | 1     | 22
2.561329     | IN         | 7.3      | 1     | 43
2.568812     | IN         | 7.3      | 1     | b0
2.569306     | IN         | 7.3      | 1     | 22
2.570266     | IN         | 7.3      | 1     | 42
2.603058     | IN         | 7.3      | 1     | b0
2.603786     | IN         | 7.3      | 1     | 22
2.604212     | IN         | 7.3      | 1     | 3f
2.611808     | IN         | 7.3      | 1     | b0
2.612335     | IN         | 7.3      | 1     | 22
2.612746     | IN         | 7.3      | 1     | 3f
2.621079     | IN         | 7.3      | 1     | b0
2.621808     | IN         | 7.3      | 1     | 22
2.622221     | IN         | 7.3      | 1     | 3f
2.629836     | IN         | 7.3      | 1     | b0
2.630349     | IN         | 7.3      | 1     | 22
2.630872     | IN         | 7.3      | 1     | 3f
2.640874     | IN         | 7.3      | 1     | b0
2.641282     | IN         | 7.3      | 1     | 22
2.641738     | IN         | 7.3      | 1     | 3f
2.663998     | IN         | 7.3      | 1     | 90
2.664836     | IN         | 7.3      | 1     | 22
2.665350     | IN         | 7.3      | 1     | 00
3.308825     | OUT        | 7.5      | 0     | []
3.310671     | IN         | 7.6      | 0     | []
3.316569     | IN         | 7.6      | 0     | []
3.319273     | OUT        | 7.5      | 0     | []
3.331005     | IN         | 7.6      | 0     | []
3.339389     | IN         | 7.6      | 0     | []
3.357056     | IN         | 7.6      | 0     | []
3.358267     | IN         | 7.6      | 0     | []
3.371983     | IN         | 7.6      | 0     | []
3.376360     | OUT        | 7.5      | 0     | []
3.381340     | OUT        | 7.5      | 0     | []
3.382208     | IN         | 7.6      | 0     | []
3.391425     | OUT        | 7.2      | 1     | 00
3.393308     | OUT        | 7.5      | 0     | []
3.396983     | OUT        | 7.5      | 0     | []
3.421366     | OUT        | 7.5      | 0     | []
3.423457     | IN         | 7.6      | 0     | []
3.431059     | IN         | 7.6      | 0     | []
3.443384     | OUT        | 7.5      | 0     | []
3.462542     | IN         | 7.6      | 0     | []
3.473092     | IN         | 7.6      | 0     | []
3.478510     | OUT        | 7.5      | 0     | []
3.487690     | OUT        | 7.5      | 0     | []
3.515615     | OUT        | 7.5      | 0     | []
3.527506     | OUT        | 7.2      | 1     | 00
3.528478     | OUT        | 7.2      | 1     | 00
3.532974     | OUT        | 7.5      | 0     | []
3.540804     | IN         | 7.6      | 0     | []
3.597190     | IN         | 7.6      | 0     | []
3.614523     | IN         | 7.6      | 0     | []
3.623650     | IN         | 7.6      | 0     | []
3.633169     | IN         | 7.6      | 0     | []
3.643588     | IN         | 7.3      | 0     | []
3.645342     | OUT        | 7.5      | 0     | []
3.649497     | OUT        | 7.5      | 0     | []
3.649819     | IN         | 7.6      | 0     | []
3.657074     | OUT        | 7.2      | 0     | []
3.671064     | OUT        | 7.5      | 0     | []
3.673533     | IN         | 7.6      | 0     | []
3.676305     | OUT        | 7.5      | 0     | []
3.681896     | OUT        | 7.5      | 0     | []
3.691298     | OUT        | 7.2      | 1     | 00
3.692569     | IN         | 7.6      | 0     | []
3.715720     | OUT        | 7.5      | 0     | []
3.725795     | OUT        | 7.5      | 0     | []
3.728251     | OUT        | 7.5      | 0     | []
3.730955     | OUT        | 7.2      | 1     | 00
3.745099     | IN         | 7.6      | 0     | []
3.745108     | OUT        | 7.5      | 0     | []
3.749043     | OUT        | 7.5      | 0     | []
3.752659     | IN         | 7.6      | 0     | []
3.779495     | IN         | 7.3      | 0     | []
3.783080     | IN         | 7.6      | 0     | []
3.792288     | OUT        | 7.2      | 1     | 00
3.792947     | IN         | 7.6      | 0     | []
3.795970     | OUT        | 7.5      | 0     | []
3.802938     | IN         | 7.6      | 0     | []
3.816141     | IN         | 7.6      | 0     | []
3.819981     | OUT        | 7.5      | 0     | []
3.824933     | OUT        | 7.5      | 0     | []
3.831546     | IN         | 7.3      | 0     | []
3.837810     | OUT        | 7.2      | 1     | 00
3.843261     | OUT        | 7.5      | 0     | []
3.850161     | IN         | 7.6      | 0     | []
3.857816     | IN         | 7.6      | 0     | []
3.858120     | OUT        | 7.2      | 1     | 00
3.859394     | OUT        | 7.5      | 0     | []
3.871877     | IN         | 7.6      | 0     | []
3.882179     | OUT        | 7.5      | 0     | []
3.890117     | IN         | 7.6      | 0     | []
3.932206     | IN         | 7.6      | 0     | []
3.933689     | OUT        | 7.2      | 1     | 00
3.969977     | IN         | 7.6      | 0     | []
4.006259     | OUT        | 7.5      | 0     | []
4.017556     | IN         | 7.6      | 0     | []
4.026031     | OUT        | 7.5      | 0     | []
4.027214     | IN         | 7.6      | 0     | []
4.042179     | IN         | 7.6      | 0     | []
4.054752     | IN         | 7.6      | 0     | []
4.061219     | IN         | 7.6      | 0     | []
4.072917     | OUT        | 7.5      | 0     | []
4.074326     | IN         | 7.6      | 0     | []
4.074669     | OUT        | 7.5      | 0     | []
4.083301     | OUT        | 7.2      | 1     | 00
4.102849     | OUT        | 7.5      | 0     | []
4.106476     | OUT        | 7.5      | 0     | []
4.116868     | IN         | 7.6      | 0     | []
4.131195     | OUT        | 7.2      | 1     | 00
4.135804     | OUT        | 7.2      | 1     | 00
4.137936     | IN         | 7.6      | 0     | []
4.144024     | OUT        | 7.2      | 1     | 00
4.157834     | IN         | 7.6      | 0     | []
4.164275     | IN         | 7.6      | 0     | []
4.175268     | IN         | 7.6      | 0     | []
4.175561     | IN         | 7.6      | 0     | []
4.180684     | IN         | 7.6      | 0     | []
4.182175     | OUT        | 7.5      | 0     | []
4.207290     | IN         | 7.6      | 0     | []
4.214905     | OUT        | 7.5      | 0     | []
4.215807     | IN         | 7.6      | 0     | []
4.226818     | IN         | 7.6      | 0     | []
4.228031     | IN         | 7.6      | 0     | []
4.228359     | OUT        | 7.5      | 0     | []
4.234241     | OUT        | 7.5      | 0     | []
4.252246     | OUT        | 7.2      | 1     | 00
4.262632     | OUT        | 7.2      | 1     | 00
4.267361     | IN         | 7.6      | 0     | []
4.268668     | IN         | 7.6      | 0     | []
4.282252     | OUT        | 7.5      | 0     | []
4.283182     | IN         | 7.6      | 0     | []
4.289195     | IN         | 7.6      | 0     | []
4.295045     | OUT        | 7.5      | 0     | []
4.311393     | OUT        | 7.5      | 0     | []
4.314349     | IN         | 7.6      | 0     | []
4.315289     | IN         | 7.6      | 0     | []
4.326051     | IN         | 7.6      | 0     | []
4.355086     | IN         | 7.6      | 0     | []
4.361974     | IN         | 7.3      | 0     | []
4.366434     | OUT        | 7.5      | 0     | []
4.367355     | IN         | 7.6      | 0     | []
4.374804     | IN         | 7.6      | 0     | []
4.379816     | OUT        | 7.2      | 1     | 00
4.428813     | IN         | 7.6      | 0     | []
4.430513     | IN         | 7.6      | 0     | []
4.437500     | IN         | 7.6      | 0     | []
4.442447     | OUT        | 7.5      | 0     | []
4.444480     | OUT        | 7.5      | 0     | []
4.472919     | OUT        | 7.5      | 0     | []
4.482557     | OUT        | 7.5      | 0     | []
4.489375     | OUT        | 7.5      | 0     | []
4.493830     | OUT        | 7.2      | 1     | 00
4.494758     | IN         | 7.6      | 0     | []
4.505470     | IN         | 7.6      | 0     | []
4.513759     | OUT        | 7.5      | 0     | []
4.514657     | OUT        | 7.5      | 0     | []
4.524323     | IN         | 7.3      | 1     | 7f
4.545319     | IN         | 7.6      | 0     | []
4.551668     | OUT        | 7.5      | 0     | []
4.552297     | IN         | 7.6      | 0     | []
4.553516     | OUT        | 7.5      | 0     | []
4.568248     | IN         | 7.6      | 0     | []
4.569121     | OUT        | 7.5      | 0     | []
4.573451     | OUT        | 7.2      | 0     | []
4.579219     | OUT        | 7.5      | 0     | []
4.605212     | OUT        | 7.5      | 0     | []
4.618039     | IN         | 7.6      | 0     | []
4.627283     | OUT        | 7.5      | 0     | []
4.629972     | IN         | 7.6      | 0     | []
4.640166     | IN         | 7.6      | 0     | []
4.648133     | OUT        | 7.5      | 0     | []
4.655050     | IN         | 7.6      | 0     | []
4.655910     | IN         | 7.3      | 0     | []
4.658658     | OUT        | 7.5      | 0     | []
4.669780     | OUT        | 7.5      | 0     | []
4.672626     | IN         | 7.6      | 0     | []
4.677447     | IN         | 7.3      | 1     | 33
4.678978     | IN         | 7.3      | 1     | 90
4.687965     | OUT        | 7.2      | 1     | 00
4.692813     | IN         | 7.6      | 0     | []
4.718181     | OUT        | 7.5      | 0     | []
4.734104     | OUT        | 7.5      | 0     | []
4.751340     | OUT        | 7.5      | 0     | []
4.759096     | IN         | 7.6      | 0     | []
4.766673     | IN         | 7.6      | 0     | []
4.789550     | OUT        | 7.5      | 0     | []
4.805009     | OUT        | 7.5      | 0     | []
4.805335     | OUT        | 7.5      | 0     | []
4.808024     | IN         | 7.6      | 0     | []
4.812419     | IN         | 7.6      | 0     | []
4.820238     | OUT        | 7.5      | 0     | []
4.822730     | OUT        | 7.5      | 0     | []
4.826449     | IN         | 7.3      | 1     | 33
4.829445     | OUT        | 7.2      | 1     | 00
4.833636     | IN         | 7.3      | 0     | []
4.849294     | OUT        | 7.5      | 0     | []
4.864091     | OUT        | 7.2      | 1     | 00
4.871792     | OUT        | 7.5      | 0     | []
4.873219     | IN         | 7.6      | 0     | []
4.878083     | OUT        | 7.5      | 0     | []
4.891896     | OUT        | 7.2      | 1     | 00
4.893730     | IN         | 7.3      | 1     | 90
4.895576     | IN         | 7.3      | 1     | 7f
4.912076     | IN         | 7.6      | 0     | []
4.918860     | IN         | 7.6      | 0     | []
4.919451     | IN         | 7.6      | 0     | []
4.922757     | OUT        | 7.2      | 1     | 00
4.934124     | IN         | 7.6      | 0     | []
4.967440     | IN         | 7.3      | 1     | 24
4.967889     | IN         | 7.3      | 1     | 00
4.968332     | IN         | 7.3      | 1     | 00
4.980592     | OUT        | 7.5      | 0     | []
4.981821     | IN         | 7.6      | 0     | []
4.982713     | IN         | 7.6      | 0     | []
4.991745     | OUT        | 7.2      | 1     | 00
5.002894     | OUT        | 7.2      | 1     | 00
5.011288     | OUT        | 7.2      | 1     | 00
5.014121     | IN         | 7.3      | 1     | 7f
5.014887     | IN         | 7.3      | 1     | 63
5.015766     | IN         | 7.3      | 1     | 90
5.024200     | OUT        | 7.5      | 0     | []
5.026153     | OUT        | 7.5      | 0     | []
5.028588     | OUT        | 7.2      | 1     | 00
5.031096     | IN         | 7.6      | 0     | []
5.034926     | IN         | 7.3      | 1     | 4f
5.044307     | IN         | 7.6      | 0     | []
5.050259     | IN         | 7.3      | 1     | 24
5.051103     | IN         | 7.3      | 1     | 7f
5.051558     | IN         | 7.3      | 1     | 90
5.057896     | IN         | 7.6      | 0     | []
5.059649     | OUT        | 7.5      | 0     | []
5.070540     | IN         | 7.3      | 1     | 00
5.084830     | OUT        | 7.2      | 1     | 00
5.085394     | IN         | 7.3      | 1     | 90
5.086190     | IN         | 7.3      | 1     | 90
5.087250     | IN         | 7.3      | 1     | 7f
5.093848     | OUT        | 7.5      | 0     | []
5.098402     | OUT        | 7.5      | 0     | []
5.103491     | OUT        | 7.5      | 0     | []
5.103673     | IN         | 7.3      | 1     | 90
5.103783     | IN         | 7.3      | 1     | 00
5.115497     | IN         | 7.6      | 0     | []
5.131301     | OUT        | 7.5      | 1     | 00
5.138990     | OUT        | 7.5      | 0     | []
5.144108     | IN         | 7.6      | 0     | []
5.146452     | IN         | 7.6      | 0     | []
5.163738     | OUT        | 7.5      | 0     | []
5.184462     | IN         | 7.3      | 1     | 90
5.184659     | IN         | 7.3      | 1     | 7f
5.185432     | IN         | 7.3      | 1     | 62
5.186212     | IN         | 7.3      | 1     | 4e
5.187002     | IN         | 7.6      | 0     | []
5.194949     | IN         | 7.6      | 0     | []
5.199222     | IN         | 7.6      | 0     | []
5.203037     | IN         | 7.3      | 1     | 00
5.218868     | IN         | 7.6      | 0     | []
5.230739     | IN         | 7.6      | 0     | []
5.238307     | IN         | 7.3      | 1     | 23
5.238993     | IN         | 7.3      | 1     | 7f
5.240390     | IN         | 7.6      | 0     | []
5.240700     | OUT        | 7.5      | 0     | []
5.243167     | IN         | 7.6      | 0     | []
5.251101     | OUT        | 7.2      | 1     | 00
5.255426     | OUT        | 7.2      | 1     | 00
5.256090     | IN         | 7.3      | 1     | 90
5.256398     | IN         | 7.3      | 1     | 90
5.256936     | IN         | 7.3      | 1     | 90
5.279485     | IN         | 7.6      | 0     | []
5.280629     | IN         | 7.3      | 1     | 90
5.281333     | IN         | 7.3      | 1     | 62
5.296308     | IN         | 7.3      | 1     | 00
5.296661     | IN         | 7.3      | 1     | 4e
5.301466     | OUT        | 7.5      | 0     | []
5.310887     | IN         | 7.6      | 0     | []
5.311516     | IN         | 7.6      | 0     | []
5.317337     | IN         | 7.6      | 0     | []
5.318858     | IN         | 7.6      | 0     | []
5.321342     | OUT        | 7.5      | 0     | []
5.334579     | OUT        | 7.5      | 0     | []
5.336307     | IN         | 7.6      | 0     | []
5.343689     | OUT        | 7.5      | 0     | []
5.349818     | IN         | 7.3      | 1     | 23
5.350572     | IN         | 7.3      | 1     | 62
5.351556     | IN         | 7.3      | 1     | 4e
5.366135     | IN         | 7.3      | 1     | 00
5.368847     | OUT        | 7.5      | 0     | []
5.379142     | IN         | 7.6      | 0     | []
5.395138     | IN         | 7.6      | 0     | []
5.414807     | IN         | 7.6      | 0     | []
5.415116     | OUT        | 7.2      | 1     | 00
5.422434     | IN         | 7.3      | 1     | 62
5.430583     | IN         | 7.3      | 1     | 23
5.430996     | IN         | 7.3      | 1     | 90
5.431306     | IN         | 7.3      | 1     | 90
5.431460     | IN         | 7.3      | 1     | 00
5.432628     | OUT        | 7.5      | 0     | []
5.450261     | IN         | 7.6      | 0     | []
5.452620     | OUT        | 7.5      | 0     | []
5.464170     | IN         | 7.6      | 0     | []
5.485379     | IN         | 7.6      | 0     | []
5.492411     | OUT        | 7.5      | 0     | []
5.493937     | IN         | 7.3      | 1     | 00
5.504112     | OUT        | 7.5      | 0     | []
5.535449     | OUT        | 7.5      | 0     | []
5.536103     | IN         | 7.6      | 0     | []
5.542763     | IN         | 7.6      | 0     | []
5.546919     | OUT        | 7.5      | 0     | []
5.549239     | OUT        | 7.2      | 1     | 00
5.551391     | OUT        | 7.5      | 0     | []
5.555394     | IN         | 7.3      | 1     | 90
5.555595     | OUT        | 7.2      | 1     | 00
5.555752     | IN         | 7.3      | 1     | 00
5.555939     | IN         | 7.3      | 1     | 63
5.557973     | OUT        | 7.5      | 0     | []
5.576986     | IN         | 7.6      | 0     | []
5.581834     | OUT        | 7.2      | 1     | 00
5.595274     | OUT        | 7.2      | 1     | 00
5.605911     | IN         | 7.6      | 0     | []
5.610344     | IN         | 7.3      | 1     | 63
5.615098     | IN         | 7.6      | 0     | []
5.615713     | IN         | 7.6      | 0     | []
5.618431     | IN         | 7.3      | 1     | 00
5.618939     | IN         | 7.3      | 1     | 00
5.637463     | OUT        | 7.2      | 1     | 00
5.644098     | OUT        | 7.5      | 0     | []
5.651186     | IN         | 7.6      | 0     | []
5.655767     | OUT        | 7.5      | 0     | []
5.664831     | OUT        | 7.5      | 0     | []
5.681267     | IN         | 7.3      | 1     | 90
5.683079     | IN         | 7.3      | 1     | 90
5.692942     | IN         | 7.3      | 1     | 00
5.726136     | IN         | 7.6      | 0     | []
5.736306     | IN         | 7.6      | 0     | []
5.737016     | IN         | 7.3      | 1     | 33
5.737445     | IN         | 7.3      | 1     | 90
5.738756     | IN         | 7.3      | 1     | 7f
5.740226     | OUT        | 7.5      | 0     | []
5.786243     | IN         | 7.6      | 0     | []
5.814634     | OUT        | 7.5      | 0     | []
5.837852     | IN         | 7.6      | 0     | []
5.843329     | IN         | 7.3      | 0     | []
5.848155     | IN         | 7.6      | 0     | []
5.849363     | OUT        | 7.5      | 0     | []
5.859645     | OUT        | 7.5      | 0     | []
5.863430     | OUT        | 7.5      | 0     | []
5.880364     | IN         | 7.6      | 0     | []
5.888985     | IN         | 7.6      | 0     | []
5.894540     | OUT        | 7.5      | 0     | []
5.898450     | OUT        | 7.5      | 0     | []
5.915386     | OUT        | 7.5      | 0     | []
5.930780     | OUT        | 7.5      | 0     | []
5.935806     | IN         | 7.6      | 0     | []
5.940071     | IN         | 7.3      | 1     | 00
5.940605     | IN         | 7.3      | 1     | 00
5.940665     | OUT        | 7.5      | 0     | []
5.940747     | IN         | 7.3      | 1     | 50
5.940961     | OUT        | 7.5      | 0     | []
5.941241     | IN         | 7.6      | 0     | []
5.962562     | OUT        | 7.5      | 0     | []
5.983440     | OUT        | 7.2      | 1     | 00
5.998561     | IN         | 7.6      | 0     | []
6.017180     | IN         | 7.6      | 0     | []
6.019908     | IN         | 7.6      | 0     | []
6.020187     | IN         | 7.3      | 0     | []
6.023544     | OUT        | 7.5      | 0     | []
6.034816     | IN         | 7.6      | 0     | []
6.035863     | IN         | 7.3      | 1     | 90
6.036087     | IN         | 7.3      | 1     | 7f
6.037658     | IN         | 7.3      | 1     | 90
6.037808     | IN         | 7.6      | 0     | []
6.037866     | IN         | 7.3      | 1     | 7f
6.040187     | IN         | 7.6      | 0     | []
6.040744     | OUT        | 7.2      | 1     | 00
6.051821     | IN         | 7.6      | 0     | []
6.071720     | IN         | 7.3      | 1     | 36
6.072106     | IN         | 7.3      | 1     | 73
6.072522     | IN         | 7.3      | 1     | 51
6.076772     | IN         | 7.6      | 0     | []
6.080874     | IN         | 7.6      | 0     | []
6.087435     | IN         | 7.6      | 0     | []
6.088560     | IN         | 7.6      | 0     | []
6.094050     | OUT        | 7.5      | 0     | []
6.094059     | IN         | 7.6      | 0     | []
6.094981     | OUT        | 7.5      | 0     | []
6.107553     | OUT        | 7.5      | 0     | []
6.112109     | OUT        | 7.5      | 0     | []
6.118172     | IN         | 7.6      | 0     | []
6.121237     | OUT        | 7.2      | 1     | 00
6.129844     | IN         | 7.3      | 0     | []
6.144573     | OUT        | 7.2      | 1     | 00
6.150087     | OUT        | 7.5      | 0     | []
6.164483     | IN         | 7.6      | 0     | []
6.192447     | OUT        | 7.5      | 0     | []
6.207091     | OUT        | 7.5      | 0     | []
6.214835     | IN         | 7.6      | 0     | []
6.221128     | IN         | 7.6      | 0     | []
6.227407     | OUT        | 7.5      | 0     | []
6.232136     | IN         | 7.6      | 0     | []
6.239016     | OUT        | 7.5      | 0     | []
6.239289     | IN         | 7.3      | 1     | 90
6.239410     | IN         | 7.3      | 1     | 7f
6.246650     | OUT        | 7.2      | 1     | 00
6.251166     | OUT        | 7.5      | 0     | []
6.269662     | IN         | 7.6      | 0     | []
6.269672     | IN         | 7.6      | 0     | []
6.277913     | IN         | 7.3      | 1     | 90
6.278232     | IN         | 7.3      | 1     | 90
6.278769     | IN         | 7.3      | 1     | 00
6.282171     | OUT        | 7.5      | 0     | []
6.285843     | OUT        | 7.5      | 0     | []
6.304537     | OUT        | 7.5      | 0     | []
6.305503     | IN         | 7.6      | 0     | []
6.325395     | IN         | 7.6      | 0     | []
6.329681     | IN         | 7.6      | 0     | []
6.339270     | OUT        | 7.5      | 0     | []
6.341678     | IN         | 7.6      | 0     | []
6.355576     | IN         | 7.6      | 0     | []
6.356470     | OUT        | 7.2      | 1     | 00
6.365202     | IN         | 7.6      | 0     | []
6.369774     | OUT        | 7.5      | 0     | []
6.371603     | OUT        | 7.2      | 1     | 00
6.375759     | OUT        | 7.5      | 0     | []
6.376389     | IN         | 7.6      | 0     | []
6.381785     | OUT        | 7.2      | 1     | 00
6.403113     | OUT        | 7.5      | 0     | []
6.428030     | OUT        | 7.5      | 0     | []
6.444516     | IN         | 7.6      | 0     | []
6.449611     | OUT        | 7.5      | 0     | []
6.457741     | IN         | 7.6      | 0     | []
6.461612     | OUT        | 7.5      | 0     | []
6.461921     | IN         | 7.6      | 0     | []
6.472059     | OUT        | 7.5      | 0     | []
6.481124     | OUT        | 7.5      | 0     | []
6.486579     | IN         | 7.6      | 0     | []
6.486882     | IN         | 7.6      | 0     | []
6.491600     | IN         | 7.6      | 0     | []
6.504124     | OUT        | 7.5      | 0     | []
6.506911     | OUT        | 7.2      | 1     | 00
6.516291     | IN         | 7.3      | 1     | 90
6.518873     | OUT        | 7.5      | 0     | []
6.521114     | OUT        | 7.5      | 0     | []
6.525671     | OUT        | 7.2      | 1     | 00
6.532184     | IN         | 7.3      | 1     | 36
6.532450     | IN         | 7.6      | 0     | []
6.532460     | IN         | 7.3      | 1     | 90
6.533370     | IN         | 7.3      | 1     | 00
6.540144     | OUT        | 7.5      | 0     | []
6.544225     | OUT        | 7.5      | 0     | []
6.584449     | OUT        | 7.5      | 0     | []
6.592994     | IN         | 7.6      | 0     | []
6.618482     | OUT        | 7.5      | 0     | []
6.619750     | OUT        | 7.5      | 0     | []
6.623249     | OUT        | 7.5      | 0     | []
6.625675     | OUT        | 7.5      | 0     | []
6.635451     | IN         | 7.6      | 0     | []
6.638441     | OUT        | 7.5      | 0     | []
6.649576     | OUT        | 7.5      | 0     | []
6.671963     | OUT        | 7.5      | 0     | []
6.685585     | OUT        | 7.2      | 1     | 00
6.700317     | IN         | 7.6      | 0     | []
6.702537     | OUT        | 7.5      | 0     | []
6.708837     | IN         | 7.3      | 1     | 7f
6.710417     | IN         | 7.3      | 1     | 4e
6.713557     | IN         | 7.6      | 0     | []
6.723004     | OUT        | 7.5      | 0     | []
6.724421     | IN         | 7.3      | 1     | 90
6.725015     | IN         | 7.3      | 1     | 62
6.740854     | OUT        | 7.5      | 0     | []
6.752867     | OUT        | 7.2      | 1     | 00
6.754391     | IN         | 7.6      | 0     | []
6.790936     | IN         | 7.6      | 0     | []
6.798999     | IN         | 7.3      | 0     | []
6.800557     | IN         | 7.6      | 0     | []
6.808172     | OUT        | 7.2      | 1     | 00
6.809735     | IN         | 7.6      | 0     | []
6.816292     | IN         | 7.3      | 1     | 90
6.816431     | IN         | 7.3      | 1     | 7f
6.817269     | IN         | 7.3      | 1     | 90
6.817419     | IN         | 7.3      | 0     | []
6.818607     | IN         | 7.6      | 0     | []
6.818920     | IN         | 7.6      | 0     | []
6.829232     | IN         | 7.3      | 1     | 00
6.829591     | IN         | 7.3      | 1     | 00
6.829923     | IN         | 7.3      | 1     | 00
6.843737     | IN         | 7.6      | 0     | []
6.846105     | OUT        | 7.5      | 0     | []
6.855688     | IN         | 7.6      | 0     | []
6.863052     | IN         | 7.6      | 0     | []
6.867893     | OUT        | 7.5      | 0     | []
6.869730     | OUT        | 7.5      | 0     | []
6.872446     | IN         | 7.6      | 0     | []
6.891709     | OUT        | 7.5      | 0     | []
6.892062     | IN         | 7.6      | 0     | []
6.909155     | OUT        | 7.5      | 0     | []
6.919631     | IN         | 7.6      | 0     | []
6.926815     | IN         | 7.6      | 0     | []
6.931696     | OUT        | 7.2      | 1     | 00
6.935233     | OUT        | 7.5      | 0     | []
6.937016     | IN         | 7.6      | 0     | []
6.938843     | IN         | 7.6      | 0     | []
6.940697     | IN         | 7.6      | 0     | []
6.943953     | OUT        | 7.2      | 1     | 00
6.944493     | IN         | 7.3      | 1     | 0a
6.947629     | IN         | 7.6      | 0     | []
6.953517     | OUT        | 7.2      | 1     | 00
6.953903     | OUT        | 7.2      | 1     | 00
6.998214     | IN         | 7.6      | 0     | []
7.006896     | OUT        | 7.5      | 0     | []
7.033742     | OUT        | 7.2      | 1     | 00
7.047674     | IN         | 7.6      | 0     | []
7.066664     | OUT        | 7.5      | 0     | []
7.079364     | IN         | 7.6      | 0     | []
7.079983     | OUT        | 7.2      | 1     | 00
7.084769     | IN         | 7.6      | 0     | []
7.088399     | IN         | 7.6      | 0     | []
7.094451     | OUT        | 7.5      | 0     | []
7.102881     | IN         | 7.6      | 0     | []
7.107000     | IN         | 7.6      | 0     | []
7.110213     | OUT        | 7.5      | 0     | []
7.110537     | OUT        | 7.5      | 0     | []
7.112946     | IN         | 7.6      | 0     | []
7.112960     | OUT        | 7.5      | 0     | []
7.136775     | IN         | 7.6      | 0     | []
7.152320     | IN         | 7.6      | 0     | []
7.154987     | OUT        | 7.2      | 1     | 00
7.165142     | OUT        | 7.5      | 0     | []
7.179008     | OUT        | 7.5      | 0     | []
7.191000     | OUT        | 7.5      | 0     | []
7.192184     | IN         | 7.6      | 0     | []
7.193378     | IN         | 7.6      | 0     | []
7.196387     | OUT        | 7.5      | 0     | []
7.213287     | IN         | 7.6      | 0     | []
7.217490     | IN         | 7.6      | 0     | []
7.219000     | IN         | 7.6      | 0     | []
7.221071     | IN         | 7.6      | 0     | []
7.234587     | OUT        | 7.5      | 0     | []
7.247256     | OUT        | 7.5      | 0     | []
7.263370     | IN         | 7.6      | 0     | []
7.264210     | OUT        | 7.2      | 1     | 00
7.274653     | IN         | 7.6      | 0     | []
7.274658     | OUT        | 7.5      | 0     | []
7.288058     | OUT        | 7.5      | 0     | []
7.290486     | OUT        | 7.5      | 0     | []
7.291360     | OUT        | 7.5      | 0     | []
7.292294     | OUT        | 7.5      | 0     | []
7.303461     | IN         | 7.6      | 0     | []
7.303768     | OUT        | 7.5      | 0     | []
7.310523     | OUT        | 7.5      | 0     | []
7.315860     | OUT        | 7.5      | 0     | []
7.345457     | IN         | 7.6      | 0     | []
7.358176     | IN         | 7.6      | 0     | []
7.366267     | IN         | 7.6      | 0     | []
7.381499     | OUT        | 7.5      | 0     | []
7.391319     | IN         | 7.6      | 0     | []
7.391333     | OUT        | 7.5      | 0     | []
7.393619     | IN         | 7.6      | 0     | []
7.398065     | OUT        | 7.5      | 0     | []
7.400478     | OUT        | 7.5      | 0     | []
7.422799     | IN         | 7.3      | 1     | 0f
7.446392     | IN         | 7.6      | 0     | []
7.455699     | OUT        | 7.5      | 0     | []
7.479820     | IN         | 7.3      | 0     | []
7.483154     | IN         | 7.6      | 0     | []
7.497318     | OUT        | 7.5      | 0     | []
7.517986     | OUT        | 7.5      | 0     | []
7.518279     | OUT        | 7.5      | 0     | []
7.525499     | OUT        | 7.5      | 0     | []
7.525810     | OUT        | 7.5      | 0     | []
7.527245     | OUT        | 7.5      | 0     | []
7.529840     | OUT        | 7.5      | 0     | []
7.532759     | OUT        | 7.5      | 0     | []
7.537849     | OUT        | 7.2      | 1     | 00
7.545807     | OUT        | 7.5      | 0     | []
7.547812     | OUT        | 7.2      | 1     | 00
7.552119     | IN         | 7.6      | 0     | []
7.569771     | OUT        | 7.5      | 0     | []
7.591980     | IN         | 7.3      | 1     | 90
7.592870     | IN         | 7.6      | 0     | []
7.601582     | OUT        | 7.2      | 0     | []
7.602472     | OUT        | 7.5      | 0     | []
7.614654     | OUT        | 7.2      | 1     | 00
7.620826     | IN         | 7.6      | 0     | []
7.627795     | OUT        | 7.5      | 0     | []
7.628385     | IN         | 7.6      | 0     | []
7.629300     | IN         | 7.6      | 0     | []
7.656149     | IN         | 7.6      | 0     | []
7.657362     | IN         | 7.6      | 0     | []
7.661878     | IN         | 7.3      | 1     | 7f
7.670276     | IN         | 7.6      | 0     | []
7.673847     | OUT        | 7.5      | 0     | []
7.686433     | IN         | 7.6      | 0     | []
7.711435     | IN         | 7.6      | 0     | []
7.720588     | OUT        | 7.5      | 0     | []
7.724029     | OUT        | 7.5      | 0     | []
7.738805     | IN         | 7.3      | 0     | []
7.754075     | OUT        | 7.5      | 0     | []
7.764659     | IN         | 7.6      | 0     | []
7.770167     | IN         | 7.6      | 0     | []
7.772246     | OUT        | 7.5      | 0     | []
7.787597     | OUT        | 7.2      | 1     | 00
7.794531     | OUT        | 7.5      | 0     | []
7.804872     | IN         | 7.6      | 0     | []
7.819791     | IN         | 7.6      | 0     | []
7.828848     | IN         | 7.3      | 1     | 10
7.829871     | IN         | 7.6      | 0     | []
7.850232     | IN         | 7.6      | 0     | []
7.860318     | IN         | 7.3      | 0     | []
7.868057     | OUT        | 7.5      | 0     | []
7.874311     | OUT        | 7.5      | 0     | []
7.894943     | OUT        | 7.5      | 0     | []
7.895324     | IN         | 7.6      | 0     | []
7.899825     | IN         | 7.6      | 0     | []
7.909933     | OUT        | 7.5      | 0     | []
7.916689     | OUT        | 7.5      | 0     | []
7.917323     | OUT        | 7.5      | 0     | []
7.919769     | IN         | 7.6      | 0     | []
7.944727     | IN         | 7.6      | 0     | []
7.945090     | OUT        | 7.5      | 0     | []
7.945348     | IN         | 7.6      | 0     | []
7.962157     | OUT        | 7.5      | 0     | []
7.979359     | OUT        | 7.2      | 1     | 00
7.986082     | OUT        | 7.5      | 0     | []
7.988381     | OUT        | 7.2      | 1     | 00
8.000686     | IN         | 7.6      | 0     | []
8.002161     | IN         | 7.6      | 0     | []
8.006274     | OUT        | 7.5      | 0     | []
8.007770     | IN         | 7.6      | 0     | []
8.008630     | OUT        | 7.2      | 1     | 00
8.012282     | IN         | 7.6      | 0     | []
8.016072     | OUT        | 7.5      | 0     | []
8.017293     | IN         | 7.6      | 0     | []
8.024737     | IN         | 7.3      | 1     | 90
8.029745     | OUT        | 7.2      | 1     | 00
8.031549     | IN         | 7.6      | 0     | []
8.054619     | IN         | 7.6      | 0     | []
8.067128     | IN         | 7.3      | 1     | 12
8.081878     | IN         | 7.3      | 0     | []
8.087319     | IN         | 7.3      | 0     | []
8.100739     | OUT        | 7.2      | 1     | 00
8.107213     | IN         | 7.3      | 0     | []
8.110172     | OUT        | 7.5      | 0     | []
8.121215     | IN         | 7.6      | 0     | []
8.127370     | OUT        | 7.5      | 0     | []
8.144473     | IN         | 7.6      | 0     | []
8.147203     | OUT        | 7.2      | 1     | 00
8.153305     | OUT        | 7.2      | 1     | 00
8.156125     | IN         | 7.6      | 0     | []
8.165204     | IN         | 7.6      | 0     | []
8.167273     | IN         | 7.6      | 0     | []
8.169003     | OUT        | 7.5      | 0     | []
8.174221     | OUT        | 7.5      | 0     | []
8.179941     | OUT        | 7.5      | 0     | []
8.181463     | IN         | 7.6      | 1     | 07
8.185869     | IN         | 7.3      | 1     | 00
8.200497     | IN         | 7.6      | 0     | []
8.203832     | OUT        | 7.5      | 0     | []
8.205686     | OUT        | 7.5      | 0     | []
8.205983     | OUT        | 7.5      | 0     | []
8.215419     | IN         | 7.6      | 0     | []
8.253462     | OUT        | 7.2      | 1     | 00
8.255331     | OUT        | 7.5      | 0     | []
8.260871     | OUT        | 7.5      | 0     | []
8.265865     | OUT        | 7.5      | 0     | []
8.272412     | OUT        | 7.5      | 0     | []
8.273296     | OUT        | 7.2      | 1     | 00
8.278989     | IN         | 7.6      | 0     | []
8.287311     | IN         | 7.6      | 0     | []
8.289085     | OUT        | 7.2      | 0     | []
8.301344     | OUT        | 7.5      | 0     | []
8.307558     | OUT        | 7.5      | 0     | []
8.319607     | OUT        | 7.2      | 1     | 00
8.337855     | OUT        | 7.5      | 0     | []
8.343223     | IN         | 7.6      | 0     | []
8.344611     | IN         | 7.6      | 0     | []
8.350408     | OUT        | 7.5      | 0     | []
8.362958     | IN         | 7.6      | 0     | []
8.366518     | OUT        | 7.5      | 0     | []
8.381799     | OUT        | 7.2      | 1     | 00
8.397818     | OUT        | 7.5      | 0     | []
8.413821     | IN         | 7.3      | 0     | []
8.415849     | OUT        | 7.2      | 1     | 00
8.421985     | IN         | 7.6      | 0     | []
8.434375     | OUT        | 7.2      | 1     | 00
8.437586     | OUT        | 7.5      | 0     | []
8.438205     | OUT        | 7.5      | 0     | []
8.448169     | OUT        | 7.5      | 0     | []
8.448485     | IN         | 7.6      | 0     | []
8.456950     | OUT        | 7.2      | 1     | 00
8.462898     | IN         | 7.6      | 0     | []
8.463193     | IN         | 7.6      | 0     | []
8.466151     | OUT        | 7.5      | 0     | []
8.472216     | IN         | 7.6      | 0     | []
8.479271     | IN         | 7.6      | 0     | []
8.484617     | OUT        | 7.5      | 0     | []
8.489334     | IN         | 7.6      | 0     | []
8.502185     | OUT        | 7.5      | 0     | []
8.505991     | OUT        | 7.5      | 0     | []
8.509837     | OUT        | 7.5      | 0     | []
8.520723     | IN         | 7.3      | 0     | []
8.523987     | IN         | 7.6      | 0     | []
8.526382     | OUT        | 7.2      | 1     | 00
8.529669     | OUT        | 7.5      | 0     | []
8.530281     | IN         | 7.6      | 0     | []
8.532444     | OUT        | 7.5      | 0     | []
8.543324     | OUT        | 7.2      | 1     | 00
8.543930     | OUT        | 7.5      | 0     | []
8.555051     | IN         | 7.3      | 0     | []
8.571144     | IN         | 7.6      | 0     | []
8.575984     | OUT        | 7.5      | 0     | []
8.583228     | IN         | 7.6      | 0     | []
8.599582     | OUT        | 7.5      | 0     | []
8.617672     | OUT        | 7.5      | 0     | []
8.623392     | IN         | 7.6      | 0     | []
8.645253     | OUT        | 7.5      | 0     | []
8.649043     | IN         | 7.6      | 0     | []
8.652352     | IN         | 7.3      | 1     | 7f
8.653787     | OUT        | 7.2      | 1     | 00
8.654766     | IN         | 7.6      | 0     | []
8.658012     | IN         | 7.6      | 0     | []
8.659496     | IN         | 7.6      | 0     | []
8.666989     | OUT        | 7.5      | 0     | []
8.692157     | IN         | 7.6      | 0     | []
8.697181     | OUT        | 7.2      | 1     | 00
8.701883     | OUT        | 7.2      | 1     | 00
8.707089     | OUT        | 7.5      | 0     | []
8.718572     | OUT        | 7.2      | 1     | 00
8.731812     | OUT        | 7.5      | 0     | []
8.745533     | IN         | 7.6      | 1     | 07
8.759027     | OUT        | 7.5      | 0     | []
8.762710     | IN         | 7.6      | 0     | []
8.793122     | OUT        | 7.5      | 0     | []
8.818902     | OUT        | 7.5      | 0     | []
8.829643     | OUT        | 7.5      | 0     | []
8.844965     | IN         | 7.6      | 0     | []
8.846228     | IN         | 7.6      | 0     | []
8.863930     | IN         | 7.6      | 0     | []
8.869673     | OUT        | 7.5      | 0     | []
8.886921     | IN         | 7.6      | 0     | []
8.897389     | IN         | 7.3      | 1     | 90
8.897559     | IN         | 7.6      | 0     | []
8.898799     | OUT        | 7.5      | 0     | []
8.903413     | IN         | 7.6      | 0     | []
8.907037     | OUT        | 7.5      | 0     | []
8.917169     | IN         | 7.6      | 0     | []
8.923003     | OUT        | 7.5      | 0     | []
8.959278     | OUT        | 7.5      | 0     | []
8.963609     | OUT        | 7.5      | 0     | []
8.964819     | IN         | 7.3      | 0     | []
9.001164     | OUT        | 7.2      | 1     | 00
9.002054     | IN         | 7.6      | 0     | []
9.009070     | IN         | 7.6      | 0     | []
9.009614     | OUT        | 7.5      | 0     | []
9.013494     | OUT        | 7.5      | 0     | []
9.021045     | IN         | 7.6      | 0     | []
9.027388     | IN         | 7.6      | 0     | []
9.032322     | OUT        | 7.2      | 1     | 00
9.035241     | IN         | 7.6      | 0     | []
9.035919     | IN         | 7.6      | 0     | []
9.042167     | OUT        | 7.2      | 0     | []
9.061594     | OUT        | 7.5      | 0     | []
9.061808     | IN         | 7.3      | 1     | 11
9.067786     | OUT        | 7.5      | 0     | []
9.073028     | OUT        | 7.5      | 0     | []
9.076455     | OUT        | 7.2      | 1     | 00
9.078051     | IN         | 7.6      | 0     | []
9.091631     | IN         | 7.6      | 0     | []
9.094325     | IN         | 7.6      | 0     | []
9.101658     | OUT        | 7.5      | 0     | []
9.102241     | IN         | 7.6      | 0     | []
9.108178     | OUT        | 7.5      | 0     | []
9.110498     | OUT        | 7.2      | 1     | 00
9.138741     | OUT        | 7.5      | 0     | []
9.143594     | IN         | 7.3      | 0     | []
9.149371     | OUT        | 7.2      | 1     | 00
9.175260     | OUT        | 7.5      | 0     | []
9.189557     | IN         | 7.6      | 0     | []
9.217758     | OUT        | 7.5      | 0     | []
9.222724     | OUT        | 7.5      | 0     | []
9.229062     | IN         | 7.6      | 0     | []
9.237242     | OUT        | 7.5      | 0     | []
9.259135     | IN         | 7.6      | 0     | []
9.272998     | OUT        | 7.5      | 0     | []
9.277123     | OUT        | 7.2      | 1     | 00
9.281107     | IN         | 7.6      | 0     | []
9.283221     | IN         | 7.6      | 0     | []
9.288717     | IN         | 7.6      | 0     | []
9.293526     | IN         | 7.6      | 0     | []
9.301582     | OUT        | 7.5      | 0     | []
9.338307     | OUT        | 7.5      | 0     | []
9.363930     | IN         | 7.6      | 0     | []
9.364231     | IN         | 7.6      | 0     | []
9.367815     | OUT        | 7.5      | 0     | []
9.369563     | IN         | 7.6      | 0     | []
9.373775     | OUT        | 7.5      | 0     | []
9.375048     | IN         | 7.6      | 0     | []
9.382988     | OUT        | 7.5      | 0     | []
9.389009     | IN         | 7.6      | 0     | []
9.394020     | IN         | 7.6      | 0     | []
9.404957     | OUT        | 7.5      | 0     | []
9.407052     | OUT        | 7.2      | 1     | 00
9.409163     | OUT        | 7.5      | 0     | []
9.435855     | IN         | 7.6      | 0     | []
9.441812     | IN         | 7.3      | 0     | []
9.451906     | OUT        | 7.2      | 1     | 00
9.469852     | OUT        | 7.5      | 0     | []
9.471965     | OUT        | 7.2      | 1     | 00
9.472352     | OUT        | 7.2      | 1     | 00
9.474685     | IN         | 7.6      | 0     | []
9.478524     | OUT        | 7.5      | 0     | []
9.492025     | OUT        | 7.5      | 0     | []
9.500875     | IN         | 7.6      | 0     | []
9.510823     | IN         | 7.6      | 0     | []
9.511129     | OUT        | 7.2      | 1     | 00
9.516026     | IN         | 7.6      | 0     | []
9.523810     | OUT        | 7.5      | 0     | []
9.533861     | OUT        | 7.5      | 0     | []
9.534608     | IN         | 7.3      | 1     | 7f
9.553964     | OUT        | 7.2      | 1     | 00
9.556742     | IN         | 7.6      | 0     | []
9.576438     | OUT        | 7.2      | 1     | 00
9.580477     | IN         | 7.6      | 0     | []
9.582521     | IN         | 7.6      | 0     | []
9.585000     | OUT        | 7.5      | 0     | []
9.638186     | IN         | 7.6      | 0     | []
9.660162     | IN         | 7.6      | 0     | []
9.661656     | IN         | 7.6      | 0     | []
9.662287     | IN         | 7.6      | 0     | []
9.663799     | IN         | 7.6      | 0     | []
9.666448     | OUT        | 7.2      | 1     | 00
9.668634     | OUT        | 7.2      | 1     | 00
9.673191     | OUT        | 7.5      | 0     | []
9.673862     | IN         | 7.6      | 0     | []
9.698668     | IN         | 7.6      | 0     | []
9.700451     | IN         | 7.6      | 0     | []
9.712157     | OUT        | 7.5      | 0     | []
9.718122     | OUT        | 7.2      | 0     | []
9.718701     | OUT        | 7.5      | 0     | []
9.726876     | IN         | 7.6      | 0     | []
9.731077     | IN         | 7.6      | 0     | []
9.738726     | IN         | 7.3      | 1     | b0
9.741421     | IN         | 7.3      | 1     | 22
9.743421     | IN         | 7.3      | 1     | 7f
9.745956     | OUT        | 7.2      | 1     | 00
9.761429     | IN         | 7.3      | 1     | 22
9.763472     | IN         | 7.3      | 1     | 22
9.765620     | IN         | 7.3      | 1     | 22
9.767661     | IN         | 7.3      | 1     | 22
9.769870     | IN         | 7.3      | 1     | 22
9.772109     | IN         | 7.3      | 1     | 38
9.774232     | IN         | 7.3      | 1     | 37
9.775939     | IN         | 7.3      | 1     | b0
9.782470     | IN         | 7.3      | 1     | 36
9.784477     | IN         | 7.3      | 1     | 36
9.790645     | IN         | 7.3      | 1     | 22
9.792657     | OUT        | 7.5      | 0     | []
9.794469     | IN         | 7.3      | 1     | 22
9.796540     | IN         | 7.3      | 1     | 39
9.800504     | IN         | 7.3      | 1     | b0
9.804816     | IN         | 7.3      | 1     | 22
9.806767     | OUT        | 7.5      | 0     | []
9.806861     | IN         | 7.3      | 1     | 3b
9.808745     | IN         | 7.3      | 1     | b0
9.810637     | IN         | 7.3      | 1     | b0
9.813307     | IN         | 7.3      | 1     | 3b
9.815131     | IN         | 7.6      | 0     | []
9.817141     | IN         | 7.3      | 1     | 22
9.819435     | IN         | 7.3      | 1     | 3c
9.821239     | IN         | 7.3      | 1     | 3d
9.823459     | IN         | 7.3      | 1     | 3c
9.825374     | IN         | 7.3      | 1     | b0
9.827313     | IN         | 7.3      | 1     | b0
9.829493     | IN         | 7.3      | 1     | 3d
9.831225     | IN         | 7.3      | 1     | b0
9.838210     | OUT        | 7.5      | 0     | []
9.841409     | IN         | 7.3      | 1     | b0
9.841857     | OUT        | 7.2      | 1     | 00
9.844040     | OUT        | 7.2      | 1     | 00
9.844648     | IN         | 7.6      | 0     | []
9.845782     | OUT        | 7.5      | 0     | []
9.847819     | IN         | 7.3      | 1     | 22
9.850116     | IN         | 7.3      | 1     | 22
9.851986     | IN         | 7.3      | 1     | 22
9.859173     | IN         | 7.6      | 0     | []
9.860730     | IN         | 7.3      | 1     | 3f
9.862555     | IN         | 7.3      | 1     | b0
9.864670     | IN         | 7.3      | 1     | b0
9.868757     | IN         | 7.3      | 1     | 22
9.873306     | OUT        | 7.5      | 0     | []
9.874122     | IN         | 7.3      | 1     | b0
9.885033     | OUT        | 7.2      | 0     | []
9.887767     | IN         | 7.6      | 0     | []
9.919493     | OUT        | 7.5      | 0     | []
9.924566     | IN         | 7.6      | 0     | []
9.946180     | IN         | 7.6      | 0     | []
9.946440     | IN         | 7.6      | 0     | []
9.952364     | OUT        | 7.2      | 1     | 00
9.957318     | OUT        | 7.5      | 0     | []
9.958902     | OUT        | 7.2      | 1     | 00
9.959477     | IN         | 7.6      | 0     | []
9.967844     | IN         | 7.6      | 0     | []
9.968694     | IN         | 7.6      | 0     | []
9.973405     | OUT        | 7.5      | 0     | []
9.974050     | IN         | 7.6      | 0     | []
9.978198     | OUT        | 7.2      | 1     | 00
9.985733     | OUT        | 7.2      | 1     | 00
9.987634     | IN         | 7.6      | 0     | []
9.988230     | OUT        | 7.5      | 0     | []
9.990912     | IN         | 7.6      | 0     | []
9.994877     | IN         | 7.6      | 0     | []
9.997373     | IN         | 7.6      | 0     | []
10.010842    | IN         | 7.6      | 0     | []
10.016181    | IN         | 7.6      | 0     | []
10.021019    | IN         | 7.6      | 0     | []
10.024853    | IN         | 7.3      | 1     | 12
10.036724    | IN         | 7.6      | 0     | []
10.041352    | OUT        | 7.2      | 1     | 00
10.043245    | IN         | 7.6      | 0     | []
10.043617    | OUT        | 7.5      | 0     | []
10.046487    | OUT        | 7.5      | 0     | []
10.053451    | IN         | 7.6      | 0     | []
10.057261    | IN         | 7.6      | 0     | []
