Timestamp    | Direction  | Target   | Bytes | Payload Data
----------------------------------------------------------------------------------------------------
3.041335     | SETUP      | 0.0      | 8     | 00 05 08 00 00 00 00 00
3.041358     | IN         | 0.0      | 0     | []
3.043933     | SETUP      | 8.0      | 8     | 80 06 00 01 00 00 12 00
3.044002     | IN         | 8.0      | 18    | 12 01 00 02 ff ff ff 40 0c 20 37 10 00 01 01 02 03 01
3.044008     | OUT        | 8.0      | 0     | []
3.044246     | SETUP      | 8.0      | 8     | 80 06 02 03 09 04 02 00
3.044271     | IN         | 8.0      | 2     | 1e 03
3.044277     | OUT        | 8.0      | 0     | []
3.044445     | SETUP      | 8.0      | 8     | 80 06 02 03 09 04 1e 00
3.044511     | IN         | 8.0      | 30    | 1e 03 4a 00 6f 00 63 00 6b 00 65 00 79 00 20 00 33 00 20 00 52 00 65 00 6d 00 69 00 78 00
3.044517     | OUT        | 8.0      | 0     | []
3.044667     | SETUP      | 8.0      | 8     | 80 06 01 03 09 04 02 00
3.044691     | IN         | 8.0      | 2     | 0e 03
3.044697     | OUT        | 8.0      | 0     | []
3.044819     | SETUP      | 8.0      | 8     | 80 06 01 03 09 04 0e 00
3.044865     | IN         | 8.0      | 14    | 0e 03 72 00 65 00 6c 00 6f 00 6f 00 70 00
3.044893     | OUT        | 8.0      | 0     | []
3.045045     | SETUP      | 8.0      | 8     | 80 06 03 03 09 04 02 00
3.045069     | IN         | 8.0      | 2     | 22 03
3.045096     | OUT        | 8.0      | 0     | []
3.045218     | SETUP      | 8.0      | 8     | 80 06 03 03 09 04 22 00
3.045305     | IN         | 8.0      | 34    | 22 03 6e 00 6f 00 20 00 73 00 65 00 72 00 69 00 61 00 6c 00 20 00 6e 00 75 00 6d 00 62 00 65 00 72 00
3.045311     | OUT        | 8.0      | 0     | []
3.049396     | SETUP      | 8.0      | 8     | 80 06 00 02 00 00 09 00
3.049443     | IN         | 8.0      | 9     | 09 02 49 00 02 01 00 c0 00
3.049468     | OUT        | 8.0      | 0     | []
3.049670     | SETUP      | 8.0      | 8     | 80 06 00 02 00 00 49 00
3.049842     | IN         | 8.0      | 64    | 09 02 49 00 02 01 00 c0 00 09 04 00 00 00 ff 00 00 00 09 04 00 01 03 ff 00 00 00 07 05 02 05 04 00 01 07 05 83 02 00 02 01 07 05 05 02 00 02 01 09 04 01 00 00 ff 00 00 00 09 04 01 01 01 ff 00
3.049866     | IN         | 8.0      | 9     | 00 00 07 05 86 02 00 02 01
3.049871     | OUT        | 8.0      | 0     | []
3.057355     | SETUP      | 8.0      | 8     | c0 56 00 00 00 00 08 00
3.057380     | IN         | 8.0      | 3     | 31 01 03
3.057385     | OUT        | 8.0      | 0     | []
4.087164     | SETUP      | 8.0      | 8     | 00 09 01 00 00 00 00 00
4.087188     | IN         | 8.0      | 0     | []
4.088452     | SETUP      | 8.0      | 8     | 01 0b 01 00 00 00 00 00
4.088476     | IN         | 8.0      | 0     | []
4.103350     | SETUP      | 8.0      | 8     | 01 0b 01 00 01 00 00 00
4.103374     | IN         | 8.0      | 0     | []
4.121245     | SETUP      | 8.0      | 8     | 02 01 00 00 86 00 00 00
4.121270     | IN         | 8.0      | 0     | []
4.122854     | SETUP      | 8.0      | 8     | 02 01 00 00 05 00 00 00
4.122883     | IN         | 8.0      | 0     | []
4.123510     | SETUP      | 8.0      | 8     | 02 01 00 00 83 00 00 00
4.123534     | IN         | 8.0      | 0     | []
4.128865     | SETUP      | 8.0      | 8     | c0 49 00 00 00 00 01 00
4.128889     | IN         | 8.0      | 1     | 12
4.128914     | OUT        | 8.0      | 0     | []
4.129099     | SETUP      | 8.0      | 8     | a2 81 00 01 00 00 03 00
4.129208     | IN         | 8.0      | 3     | 44 ac 00
4.129233     | OUT        | 8.0      | 0     | []
4.142677     | SETUP      | 8.0      | 8     | 22 01 00 01 86 00 03 00
4.142705     | OUT        | 8.0      | 3     | 44 ac 00
4.142728     | IN         | 8.0      | 0     | []
4.142976     | SETUP      | 8.0      | 8     | 22 01 00 01 05 00 03 00
4.143009     | OUT        | 8.0      | 3     | 44 ac 00
4.143031     | IN         | 8.0      | 0     | []
4.143814     | SETUP      | 8.0      | 8     | 22 01 00 01 86 00 03 00
4.143842     | OUT        | 8.0      | 3     | 44 ac 00
4.143865     | IN         | 8.0      | 0     | []
4.144016     | SETUP      | 8.0      | 8     | 22 01 00 01 05 00 03 00
4.144043     | OUT        | 8.0      | 3     | 44 ac 00
4.144065     | IN         | 8.0      | 0     | []
4.144166     | SETUP      | 8.0      | 8     | 22 01 00 01 86 00 03 00
4.144193     | OUT        | 8.0      | 3     | 44 ac 00
4.144215     | IN         | 8.0      | 0     | []
4.144305     | SETUP      | 8.0      | 8     | a2 81 00 01 86 00 03 00
4.144414     | IN         | 8.0      | 3     | 44 ac 00
4.144439     | OUT        | 8.0      | 0     | []
4.195551     | SETUP      | 8.0      | 8     | c0 49 00 00 00 00 01 00
4.195575     | IN         | 8.0      | 1     | 12
4.195600     | OUT        | 8.0      | 0     | []
4.195725     | SETUP      | 8.0      | 8     | 40 49 32 00 00 00 00 00
4.195939     | IN         | 8.0      | 0     | []
7.546584     | IN         | 8.3      | 5     | fd fd fd 90 fd
7.547718     | IN         | 8.3      | 5     | fd fd fd 3b fd
7.548870     | IN         | 8.3      | 5     | fd fd 7f 90 fd
7.549742     | IN         | 8.3      | 5     | fd fd fd 3e fd
7.550879     | IN         | 8.3      | 5     | fd fd 7f 92 fd
7.551783     | IN         | 8.3      | 5     | fd fd 13 7f fd
7.552702     | IN         | 8.3      | 5     | fd fd fd 93 fd
7.553835     | IN         | 8.3      | 5     | fd fd 13 7f fd
