Timestamp    |     d(ms) | Direction  | Target   | Bytes | Payload Data
----------------------------------------------------------------------------------------------------
5.348714     |     0.000 | SETUP      | 0.0      | 8     | 80 06 00 01 00 00 40 00   <- GET_DESCRIPTOR wValue=0x0100 len=64
5.348780     |     0.066 | IN         | 0.0      | 18    | 12 01 00 02 ff ff ff 40 0c 20 37 10 00 01 01 02 03 01
5.348787     |     0.007 | OUT        | 0.0      | 0     | []
5.466065     |   117.278 | SETUP      | 0.0      | 8     | 00 05 07 00 00 00 00 00   <- SET_ADDRESS wValue=0x0007
5.466087     |     0.022 | IN         | 0.0      | 0     | []
5.482047     |    15.960 | SETUP      | 7.0      | 8     | 80 06 00 01 00 00 12 00   <- GET_DESCRIPTOR wValue=0x0100 len=18
5.482113     |     0.066 | IN         | 7.0      | 18    | 12 01 00 02 ff ff ff 40 0c 20 37 10 00 01 01 02 03 01
5.482119     |     0.006 | OUT        | 7.0      | 0     | []
5.482211     |     0.092 | SETUP      | 7.0      | 8     | 80 06 00 02 00 00 09 00   <- GET_DESCRIPTOR wValue=0x0200 len=9
5.482256     |     0.045 | IN         | 7.0      | 9     | 09 02 49 00 02 01 00 c0 00
5.482262     |     0.006 | OUT        | 7.0      | 0     | []
5.482350     |     0.088 | SETUP      | 7.0      | 8     | 80 06 00 02 00 00 49 00   <- GET_DESCRIPTOR wValue=0x0200 len=73
5.482525     |     0.175 | IN         | 7.0      | 64    | 09 02 49 00 02 01 00 c0 00 09 04 00 00 00 ff 00 ... [16 bytes] ... 00 01 07 05 83 02 00 02 01 07 05 05 02 00 02 01 09 04 01 00 00 ff 00 00 00 09 04 01 01 01 ff 00
5.482549     |     0.024 | IN         | 7.0      | 9     | 00 00 07 05 86 02 00 02 01
5.482556     |     0.007 | OUT        | 7.0      | 0     | []
5.482732     |     0.176 | SETUP      | 7.0      | 8     | 80 06 00 03 00 00 ff 00   <- GET_DESCRIPTOR wValue=0x0300 len=255
5.482776     |     0.044 | IN         | 7.0      | 4     | 04 03 09 04
5.482782     |     0.006 | OUT        | 7.0      | 0     | []
5.482867     |     0.085 | SETUP      | 7.0      | 8     | 80 06 02 03 09 04 ff 00   <- GET_DESCRIPTOR wValue=0x0302 wIndex=0x0409 len=255
5.482933     |     0.066 | IN         | 7.0      | 30    | 1e 03 4a 00 6f 00 63 00 6b 00 65 00 79 00 20 00 33 00 20 00 52 00 65 00 6d 00 69 00 78 00
5.482941     |     0.008 | OUT        | 7.0      | 0     | []
5.483047     |     0.106 | SETUP      | 7.0      | 8     | 80 06 01 03 09 04 ff 00   <- GET_DESCRIPTOR wValue=0x0301 wIndex=0x0409 len=255
5.483092     |     0.045 | IN         | 7.0      | 14    | 0e 03 72 00 65 00 6c 00 6f 00 6f 00 70 00
5.483099     |     0.007 | OUT        | 7.0      | 0     | []
5.483191     |     0.092 | SETUP      | 7.0      | 8     | 80 06 03 03 09 04 ff 00   <- GET_DESCRIPTOR wValue=0x0303 wIndex=0x0409 len=255
5.483260     |     0.069 | IN         | 7.0      | 34    | 22 03 6e 00 6f 00 20 00 73 00 65 00 72 00 69 00 61 00 6c 00 20 00 6e 00 75 00 6d 00 62 00 65 00 72 00
5.483267     |     0.007 | OUT        | 7.0      | 0     | []
5.512681     |    29.414 | SETUP      | 7.0      | 8     | 00 09 01 00 00 00 00 00   <- SET_CONFIGURATION wValue=0x0001
5.512705     |     0.024 | IN         | 7.0      | 0     | []
5.556580     |    43.875 | SETUP      | 7.0      | 8     | c0 56 00 00 00 00 03 00   <- GET_FIRMWARE len=3
5.556604     |     0.024 | IN         | 7.0      | 3     | 31 01 06
5.556629     |     0.025 | OUT        | 7.0      | 0     | []
5.557023     |     0.394 | SETUP      | 7.0      | 8     | 01 0b 01 00 00 00 00 00   <- SET_INTERFACE intf=0 alt=1
5.557047     |     0.024 | IN         | 7.0      | 0     | []
5.558179     |     1.132 | SETUP      | 7.0      | 8     | 01 0b 01 00 01 00 00 00   <- SET_INTERFACE intf=1 alt=1
5.558203     |     0.024 | IN         | 7.0      | 0     | []
5.558512     |     0.309 | SETUP      | 7.0      | 8     | 02 01 00 00 86 00 00 00   <- CLEAR_FEATURE(ENDPOINT_HALT) ep=0x86
5.558536     |     0.024 | IN         | 7.0      | 0     | []
5.558826     |     0.290 | SETUP      | 7.0      | 8     | 02 01 00 00 05 00 00 00   <- CLEAR_FEATURE(ENDPOINT_HALT) ep=0x05
5.558850     |     0.024 | IN         | 7.0      | 0     | []
5.559276     |     0.426 | SETUP      | 7.0      | 8     | 02 01 00 00 83 00 00 00   <- CLEAR_FEATURE(ENDPOINT_HALT) ep=0x83
5.559300     |     0.024 | IN         | 7.0      | 0     | []
5.559697     |     0.397 | SETUP      | 7.0      | 8     | c0 49 00 00 00 00 01 00   <- GET_STATUS len=1
5.559721     |     0.024 | IN         | 7.0      | 1     | 12
5.559746     |     0.025 | OUT        | 7.0      | 0     | []
5.559782     |     0.036 | SETUP      | 7.0      | 8     | c0 49 00 00 00 00 01 00   <- GET_STATUS len=1
5.559806     |     0.024 | IN         | 7.0      | 1     | 12
5.559831     |     0.025 | OUT        | 7.0      | 0     | []
5.559840     |     0.009 | SETUP      | 7.0      | 8     | 40 49 32 00 00 00 00 00   <- SET_STATUS wValue=0x0032
5.560044     |     0.204 | IN         | 7.0      | 0     | []
5.560053     |     0.009 | SETUP      | 7.0      | 8     | c0 49 00 00 00 00 01 00   <- GET_STATUS len=1
5.560076     |     0.023 | IN         | 7.0      | 1     | 32
5.560101     |     0.025 | OUT        | 7.0      | 0     | []
5.560110     |     0.009 | SETUP      | 7.0      | 8     | c0 56 00 00 00 00 03 00   <- GET_FIRMWARE len=3
5.560134     |     0.024 | IN         | 7.0      | 3     | 31 01 06
5.560159     |     0.025 | OUT        | 7.0      | 0     | []
5.560457     |     0.298 | SETUP      | 7.0      | 8     | 01 0b 01 00 00 00 00 00   <- SET_INTERFACE intf=0 alt=1
5.560481     |     0.024 | IN         | 7.0      | 0     | []
5.561706     |     1.225 | SETUP      | 7.0      | 8     | 01 0b 01 00 01 00 00 00   <- SET_INTERFACE intf=1 alt=1
5.561730     |     0.024 | IN         | 7.0      | 0     | []
5.562052     |     0.322 | SETUP      | 7.0      | 8     | 02 01 00 00 86 00 00 00   <- CLEAR_FEATURE(ENDPOINT_HALT) ep=0x86
5.562076     |     0.024 | IN         | 7.0      | 0     | []
5.562501     |     0.425 | SETUP      | 7.0      | 8     | 02 01 00 00 05 00 00 00   <- CLEAR_FEATURE(ENDPOINT_HALT) ep=0x05
5.562524     |     0.023 | IN         | 7.0      | 0     | []
5.562890     |     0.366 | SETUP      | 7.0      | 8     | 02 01 00 00 83 00 00 00   <- CLEAR_FEATURE(ENDPOINT_HALT) ep=0x83
5.562914     |     0.024 | IN         | 7.0      | 0     | []
5.563239     |     0.325 | SETUP      | 7.0      | 8     | c0 49 00 00 00 00 01 00   <- GET_STATUS len=1
5.563263     |     0.024 | IN         | 7.0      | 1     | 32
5.563288     |     0.025 | OUT        | 7.0      | 0     | []
5.563348     |     0.060 | SETUP      | 7.0      | 8     | a2 81 00 01 00 00 03 00   <- GET_RATE ep=none wValue=0x0100 len=3
5.563439     |     0.091 | IN         | 7.0      | 3     | 44 ac 00
5.563447     |     0.008 | OUT        | 7.0      | 0     | []
5.577914     |    14.467 | SETUP      | 7.0      | 8     | 22 01 00 01 86 00 03 00   <- SET_RATE ep=0x86 wValue=0x0100 len=3
5.577939     |     0.025 | OUT        | 7.0      | 3     | 44 ac 00
5.577971     |     0.032 | IN         | 7.0      | 0     | []
5.578110     |     0.139 | SETUP      | 7.0      | 8     | 22 01 00 01 05 00 03 00   <- SET_RATE ep=0x05 wValue=0x0100 len=3
5.578136     |     0.026 | OUT        | 7.0      | 3     | 44 ac 00
5.578159     |     0.023 | IN         | 7.0      | 0     | []
5.578278     |     0.119 | SETUP      | 7.0      | 8     | 22 01 00 01 86 00 03 00   <- SET_RATE ep=0x86 wValue=0x0100 len=3
5.578304     |     0.026 | OUT        | 7.0      | 3     | 44 ac 00
5.578347     |     0.043 | IN         | 7.0      | 0     | []
5.578401     |     0.054 | SETUP      | 7.0      | 8     | 22 01 00 01 05 00 03 00   <- SET_RATE ep=0x05 wValue=0x0100 len=3
5.578427     |     0.026 | OUT        | 7.0      | 3     | 44 ac 00
5.578449     |     0.022 | IN         | 7.0      | 0     | []
5.578492     |     0.043 | SETUP      | 7.0      | 8     | 22 01 00 01 86 00 03 00   <- SET_RATE ep=0x86 wValue=0x0100 len=3
5.578539     |     0.047 | OUT        | 7.0      | 3     | 44 ac 00
5.578561     |     0.022 | IN         | 7.0      | 0     | []
5.578574     |     0.013 | SETUP      | 7.0      | 8     | a2 81 00 01 86 00 03 00   <- GET_RATE ep=0x86 wValue=0x0100 len=3
5.578698     |     0.124 | IN         | 7.0      | 3     | 44 ac 00
5.578724     |     0.026 | OUT        | 7.0      | 0     | []
5.629801     |    51.077 | SETUP      | 7.0      | 8     | c0 49 00 00 00 00 01 00   <- GET_STATUS len=1
5.629828     |     0.027 | IN         | 7.0      | 1     | 32
5.629853     |     0.025 | OUT        | 7.0      | 0     | []
5.629924     |     0.071 | SETUP      | 7.0      | 8     | c0 49 00 00 00 00 01 00   <- GET_STATUS len=1
5.629952     |     0.028 | IN         | 7.0      | 1     | 32
5.629987     |     0.035 | OUT        | 7.0      | 0     | []
5.630056     |     0.069 | OUT        | 7.5      | 512   | 00 00 00 00 00 00 00 00 00 00 00 00 00 00 00 00 ... [464 bytes] ... fd ff 00 00 00 00 00 00 00 00 00 00 00 00 00 00 00 00 00 00 00 00 00 00 00 00 00 00 00 00 00 00
5.630078     |     0.022 | OUT        | 7.5      | 512   | 00 00 00 00 00 00 00 00 00 00 00 00 00 00 00 00 ... [464 bytes] ... fd ff 00 00 00 00 00 00 00 00 00 00 00 00 00 00 00 00 00 00 00 00 00 00 00 00 00 00 00 00 00 00
5.630306     |     0.228 | IN         | 7.6      | 512   | 00 00 00 00 00 00 00 00 00 00 00 00 00 00 00 00 ... [464 bytes] ... 00 00 00 00 00 00 00 00 00 00 00 00 00 00 00 00 00 00 00 00 00 00 00 00 00 00 00 00 00 00 00 00
.... 40998 transactions omitted over 4.129670 s (5.630363 -> 9.760033): 22776 IN 7.6, 18222 OUT 7.5
9.760115     |     0.082 | IN         | 7.6      | 512   | 03 03 03 03 03 03 03 03 03 03 03 03 07 03 07 01 ... [464 bytes] ... 04 04 04 04 04 04 04 04 04 00 04 04 00 00 04 06 00 03 04 05 05 07 02 05 00 00 00 00 00 00 00 00
9.760248     |     0.133 | OUT        | 7.5      | 512   | 00 00 00 00 00 00 00 00 00 00 00 00 00 00 00 00 ... [464 bytes] ... fd ff 00 00 00 00 00 00 00 00 00 00 00 00 00 00 00 00 00 00 00 00 00 00 00 00 00 00 00 00 00 00
9.760298     |     0.050 | IN         | 7.6      | 512   | 07 07 07 07 07 07 07 07 07 03 07 03 03 03 07 03 ... [464 bytes] ... 04 04 04 04 04 04 04 04 04 00 04 00 00 04 00 00 07 00 00 02 05 02 06 03 00 00 00 00 00 00 00 00
9.760486     |     0.188 | IN         | 7.3      | 5     | fd fd fd 90 ff
9.760488     |     0.002 | IN         | 7.6      | 512   | 07 07 07 07 07 07 07 07 07 03 07 03 07 03 03 07 ... [464 bytes] ... 04 04 04 04 04 04 04 04 04 00 04 00 04 04 00 00 00 05 04 03 00 05 07 07 00 00 00 00 00 00 00 00
9.760498     |     0.010 | OUT        | 7.5      | 512   | 00 00 00 00 00 00 00 00 00 00 00 00 00 00 00 00 ... [464 bytes] ... fd ff 00 00 00 00 00 00 00 00 00 00 00 00 00 00 00 00 00 00 00 00 00 00 00 00 00 00 00 00 00 00
9.760648     |     0.150 | IN         | 7.6      | 512   | 05 05 05 05 05 05 05 05 05 01 05 01 01 01 01 01 ... [464 bytes] ... 04 04 04 04 04 04 04 04 04 00 04 00 04 00 00 06 00 01 03 07 00 05 00 00 00 00 00 00 00 00 00 00
.... 6 transactions omitted over 0.000489 s (9.760713 -> 9.761202): 3 IN 7.6, 3 OUT 7.5
9.761398     |     0.196 | IN         | 7.6      | 512   | 04 04 04 04 04 04 04 04 04 00 00 04 04 04 04 00 ... [464 bytes] ... 05 05 05 05 05 05 05 05 05 01 05 01 05 01 05 01 07 04 00 03 04 02 01 00 00 00 00 00 00 00 00 00
9.761408     |     0.010 | OUT        | 7.5      | 512   | 00 00 00 00 00 00 00 00 00 00 00 00 00 00 00 00 ... [464 bytes] ... fd ff 00 00 00 00 00 00 00 00 00 00 00 00 00 00 00 00 00 00 00 00 00 00 00 00 00 00 00 00 00 00
9.761569     |     0.161 | IN         | 7.6      | 512   | 04 04 04 04 04 04 04 04 04 00 04 00 00 04 04 06 ... [464 bytes] ... 04 04 04 04 04 04 04 04 04 00 04 00 04 00 04 00 06 05 00 05 07 07 02 04 00 00 00 00 00 00 00 00
9.761605     |     0.036 | IN         | 7.3      | 5     | fd fd fd 3b ff
9.761611     |     0.006 | OUT        | 7.5      | 512   | 00 00 00 00 00 00 00 00 00 00 00 00 00 00 00 00 ... [464 bytes] ... fd ff 00 00 00 00 00 00 00 00 00 00 00 00 00 00 00 00 00 00 00 00 00 00 00 00 00 00 00 00 00 00
9.761754     |     0.143 | IN         | 7.6      | 512   | 04 04 04 04 04 04 04 04 04 00 04 00 00 04 00 04 ... [464 bytes] ... 07 07 07 07 07 07 07 07 07 03 07 07 03 03 07 03 05 03 01 03 05 00 06 02 00 00 00 00 00 00 00 00
9.761846     |     0.092 | OUT        | 7.5      | 512   | 00 00 00 00 00 00 00 00 00 00 00 00 00 00 00 00 ... [464 bytes] ... fd ff 00 00 00 00 00 00 00 00 00 00 00 00 00 00 00 00 00 00 00 00 00 00 00 00 00 00 00 00 00 00
.... 3 transactions omitted over 0.000201 s (9.761919 -> 9.762120): 2 IN 7.6, 1 OUT 7.5
9.762296     |     0.176 | IN         | 7.6      | 512   | 04 04 04 04 04 04 04 04 04 00 00 04 04 04 04 02 ... [464 bytes] ... 05 05 05 05 05 05 05 05 05 01 05 01 01 05 05 01 04 00 03 05 02 03 01 05 00 00 00 00 00 00 00 00
9.762305     |     0.009 | OUT        | 7.5      | 512   | 00 00 00 00 00 00 00 00 00 00 00 00 00 00 00 00 ... [464 bytes] ... fd ff 00 00 00 00 00 00 00 00 00 00 00 00 00 00 00 00 00 00 00 00 00 00 00 00 00 00 00 00 00 00
9.762467     |     0.162 | IN         | 7.6      | 512   | 04 04 04 04 04 04 04 04 04 00 04 00 04 04 00 06 ... [464 bytes] ... 05 05 05 05 05 05 05 05 05 01 05 05 01 01 01 01 07 01 06 05 07 04 07 02 00 00 00 00 00 00 00 00
9.762525     |     0.058 | IN         | 7.3      | 5     | fd fd fd 7f ff
9.762531     |     0.006 | OUT        | 7.5      | 512   | 00 00 00 00 00 00 00 00 00 00 00 00 00 00 00 00 ... [464 bytes] ... fd ff 00 00 00 00 00 00 00 00 00 00 00 00 00 00 00 00 00 00 00 00 00 00 00 00 00 00 00 00 00 00
9.762648     |     0.117 | IN         | 7.6      | 512   | 04 04 04 04 04 04 04 04 04 00 04 00 00 00 00 06 ... [464 bytes] ... 07 07 07 07 07 07 07 07 07 03 07 03 03 07 03 07 03 04 00 07 00 02 06 01 00 00 00 00 00 00 00 00
9.762771     |     0.123 | OUT        | 7.5      | 512   | 00 00 00 00 00 00 00 00 00 00 00 00 00 00 00 00 ... [464 bytes] ... fd ff 00 00 00 00 00 00 00 00 00 00 00 00 00 00 00 00 00 00 00 00 00 00 00 00 00 00 00 00 00 00
.... 3 transactions omitted over 0.000191 s (9.762832 -> 9.763023): 2 IN 7.6, 1 OUT 7.5
9.763198     |     0.175 | IN         | 7.6      | 512   | 04 04 04 04 04 04 04 04 04 00 04 00 00 04 00 07 ... [464 bytes] ... 05 05 05 05 05 05 05 05 05 01 05 01 05 01 05 01 07 03 04 05 02 00 02 01 00 00 00 00 00 00 00 00
9.763208     |     0.010 | OUT        | 7.5      | 512   | 00 00 00 00 00 00 00 00 00 00 00 00 00 00 00 00 ... [464 bytes] ... fd ff 00 00 00 00 00 00 00 00 00 00 00 00 00 00 00 00 00 00 00 00 00 00 00 00 00 00 00 00 00 00
9.763398     |     0.190 | IN         | 7.6      | 512   | 04 04 04 04 04 04 04 04 04 00 04 00 00 04 00 06 ... [464 bytes] ... 05 05 05 05 05 05 05 05 05 01 05 05 01 01 05 05 01 01 07 07 00 06 01 07 00 00 00 00 00 00 00 00
9.763433     |     0.035 | IN         | 7.3      | 5     | fd fd fd 90 ff
9.763439     |     0.006 | OUT        | 7.5      | 512   | 00 00 00 00 00 00 00 00 00 00 00 00 00 00 00 00 ... [464 bytes] ... fd ff 00 00 00 00 00 00 00 00 00 00 00 00 00 00 00 00 00 00 00 00 00 00 00 00 00 00 00 00 00 00
9.763567     |     0.128 | IN         | 7.6      | 512   | 04 04 04 04 04 04 04 04 04 00 04 00 00 00 04 04 ... [464 bytes] ... 05 05 05 05 05 05 05 05 05 01 05 01 05 05 01 05 07 07 05 07 02 03 05 03 00 00 00 00 00 00 00 00
9.763655     |     0.088 | OUT        | 7.5      | 512   | 00 00 00 00 00 00 00 00 00 00 00 00 00 00 00 00 ... [464 bytes] ... fd ff 00 00 00 00 00 00 00 00 00 00 00 00 00 00 00 00 00 00 00 00 00 00 00 00 00 00 00 00 00 00
.... 5 transactions omitted over 0.000387 s (9.763736 -> 9.764123): 3 IN 7.6, 2 OUT 7.5
9.764273     |     0.150 | IN         | 7.6      | 512   | 06 06 06 06 06 06 06 06 06 02 06 02 02 06 02 06 ... [464 bytes] ... 04 04 04 04 04 04 04 04 04 00 04 04 00 00 00 06 01 05 01 06 06 06 01 04 00 00 00 00 00 00 00 00
9.764339     |     0.066 | OUT        | 7.5      | 512   | 00 00 00 00 00 00 00 00 00 00 00 00 00 00 00 00 ... [464 bytes] ... fd ff 00 00 00 00 00 00 00 00 00 00 00 00 00 00 00 00 00 00 00 00 00 00 00 00 00 00 00 00 00 00
9.764467     |     0.128 | IN         | 7.6      | 512   | 07 07 07 07 07 07 07 07 07 03 07 03 03 03 03 07 ... [464 bytes] ... 04 04 04 04 04 04 04 04 04 00 04 00 04 00 04 06 01 00 05 00 02 02 05 00 00 00 00 00 00 00 00 00
9.764548     |     0.081 | IN         | 7.3      | 5     | fd fd 3e 7f ff
9.764555     |     0.007 | OUT        | 7.5      | 512   | 00 00 00 00 00 00 00 00 00 00 00 00 00 00 00 00 ... [464 bytes] ... fd ff 00 00 00 00 00 00 00 00 00 00 00 00 00 00 00 00 00 00 00 00 00 00 00 00 00 00 00 00 00 00
9.764648     |     0.093 | IN         | 7.6      | 512   | 07 07 07 07 07 07 07 07 07 03 07 03 03 07 07 03 ... [464 bytes] ... 04 04 04 04 04 04 04 04 04 00 04 00 04 04 00 07 04 02 02 03 07 07 07 07 00 00 00 00 00 00 00 00
9.764782     |     0.134 | OUT        | 7.5      | 512   | 00 00 00 00 00 00 00 00 00 00 00 00 00 00 00 00 ... [464 bytes] ... fd ff 00 00 00 00 00 00 00 00 00 00 00 00 00 00 00 00 00 00 00 00 00 00 00 00 00 00 00 00 00 00
.... 3 transactions omitted over 0.000206 s (9.764827 -> 9.765033): 2 IN 7.6, 1 OUT 7.5
9.765194     |     0.161 | IN         | 7.6      | 512   | 07 07 07 07 07 07 07 07 07 03 07 03 03 07 03 07 ... [464 bytes] ... 04 04 04 04 04 04 04 04 04 00 04 04 00 00 02 05 06 04 05 02 00 07 00 00 00 00 00 00 00 00 00 00
9.765236     |     0.042 | OUT        | 7.5      | 512   | 00 00 00 00 00 00 00 00 00 00 00 00 00 00 00 00 ... [464 bytes] ... fd ff 00 00 00 00 00 00 00 00 00 00 00 00 00 00 00 00 00 00 00 00 00 00 00 00 00 00 00 00 00 00
9.765397     |     0.161 | IN         | 7.6      | 512   | 07 07 07 07 07 07 07 07 07 03 07 03 03 03 03 07 ... [464 bytes] ... 04 04 04 04 04 04 04 04 04 00 04 00 04 00 02 05 00 06 07 01 05 03 00 00 00 00 00 00 00 00 00 00
9.765455     |     0.058 | IN         | 7.3      | 5     | fd fd 92 13 ff
9.765462     |     0.007 | OUT        | 7.5      | 512   | 00 00 00 00 00 00 00 00 00 00 00 00 00 00 00 00 ... [464 bytes] ... fd ff 00 00 00 00 00 00 00 00 00 00 00 00 00 00 00 00 00 00 00 00 00 00 00 00 00 00 00 00 00 00
9.765546     |     0.084 | IN         | 7.6      | 512   | 07 07 07 07 07 07 07 07 07 03 07 03 03 07 07 07 ... [464 bytes] ... 04 04 04 04 04 04 04 04 04 00 04 04 00 00 06 05 06 07 04 05 07 04 02 07 00 00 00 00 00 00 00 00
9.765703     |     0.157 | OUT        | 7.5      | 512   | 00 00 00 00 00 00 00 00 00 00 00 00 00 00 00 00 ... [464 bytes] ... fd ff 00 00 00 00 00 00 00 00 00 00 00 00 00 00 00 00 00 00 00 00 00 00 00 00 00 00 00 00 00 00
.... 5 transactions omitted over 0.000410 s (9.765748 -> 9.766158): 3 IN 7.6, 2 OUT 7.5
9.766273     |     0.115 | IN         | 7.6      | 512   | 07 07 07 07 07 07 07 07 07 03 07 03 07 07 03 03 ... [464 bytes] ... 04 04 04 04 04 04 04 04 04 00 04 04 00 04 00 04 01 06 03 01 02 04 05 02 00 00 00 00 00 00 00 00
9.766397     |     0.124 | OUT        | 7.5      | 512   | 00 00 00 00 00 00 00 00 00 00 00 00 00 00 00 00 ... [464 bytes] ... fd ff 00 00 00 00 00 00 00 00 00 00 00 00 00 00 00 00 00 00 00 00 00 00 00 00 00 00 00 00 00 00
9.766456     |     0.059 | IN         | 7.6      | 512   | 04 04 04 04 04 04 04 04 04 00 04 00 00 00 04 04 ... [464 bytes] ... 04 04 04 04 04 04 04 04 04 00 04 00 04 00 00 02 01 01 03 03 03 02 06 01 00 00 00 00 00 00 00 00
9.766590     |     0.134 | IN         | 7.3      | 5     | fd fd 7f 93 ff
9.766596     |     0.006 | OUT        | 7.5      | 512   | 00 00 00 00 00 00 00 00 00 00 00 00 00 00 00 00 ... [464 bytes] ... fd ff 00 00 00 00 00 00 00 00 00 00 00 00 00 00 00 00 00 00 00 00 00 00 00 00 00 00 00 00 00 00
9.766649     |     0.053 | IN         | 7.6      | 512   | 06 06 06 06 06 06 06 06 06 02 06 02 06 06 02 06 ... [464 bytes] ... 06 06 06 06 06 06 06 06 06 02 06 06 02 02 06 02 06 05 03 05 07 05 06 07 00 00 00 00 00 00 00 00
9.766824     |     0.175 | IN         | 7.6      | 512   | 05 05 05 05 05 05 05 05 05 01 05 01 01 01 01 05 ... [464 bytes] ... 04 04 04 04 04 04 04 04 04 00 04 00 04 00 04 02 00 04 04 00 03 03 07 04 00 00 00 00 00 00 00 00
.... 4 transactions omitted over 0.000361 s (9.766834 -> 9.767195): 2 IN 7.6, 2 OUT 7.5
9.767284     |     0.089 | OUT        | 7.5      | 512   | 00 00 00 00 00 00 00 00 00 00 00 00 00 00 00 00 ... [464 bytes] ... fd ff 00 00 00 00 00 00 00 00 00 00 00 00 00 00 00 00 00 00 00 00 00 00 00 00 00 00 00 00 00 00
9.767365     |     0.081 | IN         | 7.6      | 512   | 04 04 04 04 04 04 04 04 04 00 04 04 00 00 00 02 ... [464 bytes] ... 04 04 04 04 04 04 04 04 04 00 04 04 00 00 04 04 00 01 02 04 03 07 06 05 00 00 00 00 00 00 00 00
9.767499     |     0.134 | OUT        | 7.5      | 512   | 00 00 00 00 00 00 00 00 00 00 00 00 00 00 00 00 ... [464 bytes] ... fd ff 00 00 00 00 00 00 00 00 00 00 00 00 00 00 00 00 00 00 00 00 00 00 00 00 00 00 00 00 00 00
9.767545     |     0.046 | IN         | 7.3      | 5     | fd fd fd 13 ff
9.767549     |     0.004 | IN         | 7.6      | 512   | 04 04 04 04 04 04 04 04 04 00 04 00 00 04 00 06 ... [464 bytes] ... 06 06 06 06 06 06 06 06 06 02 06 02 06 02 02 06 02 07 00 05 06 00 05 06 00 00 00 00 00 00 00 00
9.767740     |     0.191 | IN         | 7.6      | 512   | 04 04 04 04 04 04 04 04 04 00 04 00 04 00 04 07 ... [464 bytes] ... 05 05 05 05 05 05 05 05 05 01 05 05 01 01 05 01 05 06 02 04 01 07 04 06 00 00 00 00 00 00 00 00
9.767750     |     0.010 | OUT        | 7.5      | 512   | 00 00 00 00 00 00 00 00 00 00 00 00 00 00 00 00 ... [464 bytes] ... fd ff 00 00 00 00 00 00 00 00 00 00 00 00 00 00 00 00 00 00 00 00 00 00 00 00 00 00 00 00 00 00
.... 2 transactions omitted over 0.000042 s (9.767921 -> 9.767963): 1 IN 7.6, 1 OUT 7.5
9.768090     |     0.127 | IN         | 7.6      | 512   | 04 04 04 04 04 04 04 04 04 00 04 00 04 00 00 07 ... [464 bytes] ... 06 06 06 06 06 06 06 06 06 02 06 02 06 02 06 04 00 07 03 00 03 04 07 07 00 00 00 00 00 00 00 00
9.768179     |     0.089 | OUT        | 7.5      | 512   | 00 00 00 00 00 00 00 00 00 00 00 00 00 00 00 00 ... [464 bytes] ... fd ff 00 00 00 00 00 00 00 00 00 00 00 00 00 00 00 00 00 00 00 00 00 00 00 00 00 00 00 00 00 00
9.768274     |     0.095 | IN         | 7.6      | 512   | 04 04 04 04 04 04 04 04 04 00 04 00 04 00 00 04 ... [464 bytes] ... 07 07 07 07 07 07 07 07 07 03 07 07 03 07 07 07 07 05 06 06 00 00 05 05 00 00 00 00 00 00 00 00
9.768401     |     0.127 | IN         | 7.3      | 5     | fd fd fd 7f ff
9.768407     |     0.006 | OUT        | 7.5      | 512   | 00 00 00 00 00 00 00 00 00 00 00 00 00 00 00 00 ... [464 bytes] ... fd ff 00 00 00 00 00 00 00 00 00 00 00 00 00 00 00 00 00 00 00 00 00 00 00 00 00 00 00 00 00 00
9.768450     |     0.043 | IN         | 7.6      | 512   | 04 04 04 04 04 04 04 04 04 00 04 00 00 00 04 02 ... [464 bytes] ... 06 06 06 06 06 06 06 06 06 02 06 02 06 06 02 06 02 06 03 06 04 05 06 04 00 00 00 00 00 00 00 00
9.768649     |     0.199 | IN         | 7.6      | 512   | 04 04 04 04 04 04 04 04 04 00 04 04 00 00 04 02 ... [464 bytes] ... 06 06 06 06 06 06 06 06 06 02 06 06 02 06 02 06 06 06 06 05 07 01 06 05 00 00 00 00 00 00 00 00
.... 66996 transactions omitted over 6.694906 s (9.768658 -> 16.463564): 37174 IN 7.6, 29822 OUT 7.5
16.463692    |     0.128 | IN         | 7.6      | 512   | 03 03 03 03 03 03 03 03 03 03 03 03 03 03 03 05 ... [464 bytes] ... 00 00 00 00 00 00 00 00 00 00 00 00 00 00 06 04 07 03 01 07 00 04 01 03 00 00 00 00 00 00 00 00
16.463780    |     0.088 | OUT        | 7.5      | 512   | 00 00 00 00 00 00 00 00 00 00 00 00 00 00 00 00 ... [464 bytes] ... fd ff 00 00 00 00 00 00 00 00 00 00 00 00 00 00 00 00 00 00 00 00 00 00 00 00 00 00 00 00 00 00
16.463876    |     0.096 | IN         | 7.6      | 512   | 07 07 07 07 07 07 07 07 07 07 07 07 07 07 03 05 ... [464 bytes] ... 01 01 01 01 01 01 01 01 01 01 01 01 01 01 03 01 03 02 06 00 01 03 07 07 00 00 00 00 00 00 00 00
16.463957    |     0.081 | IN         | 7.3      | 0     | []
16.464143    |     0.186 | IN         | 7.6      | 512   | 02 02 02 02 02 02 02 02 02 02 02 02 06 02 02 02 ... [464 bytes] ... 00 00 00 00 00 00 00 00 00 00 00 00 00 04 04 00 07 02 01 00 03 02 03 05 00 00 00 00 00 00 00 00
16.464153    |     0.010 | OUT        | 7.5      | 512   | 00 00 00 00 00 00 00 00 00 00 00 00 00 00 00 00 ... [464 bytes] ... fd ff 00 00 00 00 00 00 00 00 00 00 00 00 00 00 00 00 00 00 00 00 00 00 00 00 00 00 00 00 00 00
16.464324    |     0.171 | IN         | 7.6      | 512   | 01 01 01 01 01 01 01 01 01 01 01 01 01 01 01 05 ... [464 bytes] ... 04 04 04 04 04 04 04 04 04 04 04 04 04 04 00 00 04 05 02 02 04 02 02 06 00 00 00 00 00 00 00 00
.... 26460 transactions omitted over 2.617819 s (16.464390 -> 19.082209): 14638 IN 7.6, 11822 OUT 7.5
19.082393    |     0.184 | IN         | 7.6      | 512   | 00 00 00 00 00 00 00 00 00 00 00 00 04 03 06 02 ... [464 bytes] ... 00 00 00 00 00 00 00 00 00 00 00 02 01 02 04 03 01 02 03 04 03 02 07 04 00 00 00 00 00 00 00 00
19.082435    |     0.042 | OUT        | 7.5      | 512   | 00 00 00 00 00 00 00 00 00 00 00 00 00 00 00 00 ... [464 bytes] ... fd ff 00 00 00 00 00 00 00 00 00 00 00 00 00 00 00 00 00 00 00 00 00 00 00 00 00 00 00 00 00 00
19.082574    |     0.139 | IN         | 7.6      | 512   | 00 00 00 00 00 00 00 00 00 00 00 02 01 00 06 02 ... [464 bytes] ... 06 06 06 06 06 06 06 06 06 06 06 04 07 05 05 07 04 04 01 01 01 01 04 06 00 00 00 00 00 00 00 00
25.059010    |  5976.436 | SETUP      | 0.0      | 8     | 80 06 00 01 00 00 40 00   <- GET_DESCRIPTOR wValue=0x0100 len=64
25.059082    |     0.072 | IN         | 0.0      | 18    | 12 01 00 02 ff ff ff 40 0c 20 37 10 00 01 01 02 03 01
25.059088    |     0.006 | OUT        | 0.0      | 0     | []
25.176416    |   117.328 | SETUP      | 0.0      | 8     | 00 05 08 00 00 00 00 00   <- SET_ADDRESS wValue=0x0008
25.176438    |     0.022 | IN         | 0.0      | 0     | []
25.192373    |    15.935 | SETUP      | 8.0      | 8     | 80 06 00 01 00 00 12 00   <- GET_DESCRIPTOR wValue=0x0100 len=18
25.192439    |     0.066 | IN         | 8.0      | 18    | 12 01 00 02 ff ff ff 40 0c 20 37 10 00 01 01 02 03 01
25.192445    |     0.006 | OUT        | 8.0      | 0     | []
25.192515    |     0.070 | SETUP      | 8.0      | 8     | 80 06 00 02 00 00 09 00   <- GET_DESCRIPTOR wValue=0x0200 len=9
25.192559    |     0.044 | IN         | 8.0      | 9     | 09 02 49 00 02 01 00 c0 00
25.192565    |     0.006 | OUT        | 8.0      | 0     | []
25.192602    |     0.037 | SETUP      | 8.0      | 8     | 80 06 00 02 00 00 49 00   <- GET_DESCRIPTOR wValue=0x0200 len=73
25.192772    |     0.170 | IN         | 8.0      | 64    | 09 02 49 00 02 01 00 c0 00 09 04 00 00 00 ff 00 ... [16 bytes] ... 00 01 07 05 83 02 00 02 01 07 05 05 02 00 02 01 09 04 01 00 00 ff 00 00 00 09 04 01 01 01 ff 00
25.192800    |     0.028 | IN         | 8.0      | 9     | 00 00 07 05 86 02 00 02 01
25.192806    |     0.006 | OUT        | 8.0      | 0     | []
25.192854    |     0.048 | SETUP      | 8.0      | 8     | 80 06 00 03 00 00 ff 00   <- GET_DESCRIPTOR wValue=0x0300 len=255
25.192898    |     0.044 | IN         | 8.0      | 4     | 04 03 09 04
25.192904    |     0.006 | OUT        | 8.0      | 0     | []
25.192947    |     0.043 | SETUP      | 8.0      | 8     | 80 06 02 03 09 04 ff 00   <- GET_DESCRIPTOR wValue=0x0302 wIndex=0x0409 len=255
25.193021    |     0.074 | IN         | 8.0      | 30    | 1e 03 4a 00 6f 00 63 00 6b 00 65 00 79 00 20 00 33 00 20 00 52 00 65 00 6d 00 69 00 78 00
25.193027    |     0.006 | OUT        | 8.0      | 0     | []
25.193091    |     0.064 | SETUP      | 8.0      | 8     | 80 06 01 03 09 04 ff 00   <- GET_DESCRIPTOR wValue=0x0301 wIndex=0x0409 len=255
25.193135    |     0.044 | IN         | 8.0      | 14    | 0e 03 72 00 65 00 6c 00 6f 00 6f 00 70 00
25.193141    |     0.006 | OUT        | 8.0      | 0     | []
25.193203    |     0.062 | SETUP      | 8.0      | 8     | 80 06 03 03 09 04 ff 00   <- GET_DESCRIPTOR wValue=0x0303 wIndex=0x0409 len=255
25.193290    |     0.087 | IN         | 8.0      | 34    | 22 03 6e 00 6f 00 20 00 73 00 65 00 72 00 69 00 61 00 6c 00 20 00 6e 00 75 00 6d 00 62 00 65 00 72 00
25.193300    |     0.010 | OUT        | 8.0      | 0     | []
25.222557    |    29.257 | SETUP      | 8.0      | 8     | 00 09 01 00 00 00 00 00   <- SET_CONFIGURATION wValue=0x0001
25.222580    |     0.023 | IN         | 8.0      | 0     | []
25.222680    |     0.100 | SETUP      | 8.0      | 8     | c0 56 00 00 00 00 03 00   <- GET_FIRMWARE len=3
25.222703    |     0.023 | IN         | 8.0      | 3     | 31 01 06
25.222720    |     0.017 | OUT        | 8.0      | 0     | []
25.223009    |     0.289 | SETUP      | 8.0      | 8     | 01 0b 01 00 00 00 00 00   <- SET_INTERFACE intf=0 alt=1
25.223032    |     0.023 | IN         | 8.0      | 0     | []
25.223987    |     0.955 | SETUP      | 8.0      | 8     | 01 0b 01 00 01 00 00 00   <- SET_INTERFACE intf=1 alt=1
25.224010    |     0.023 | IN         | 8.0      | 0     | []
25.224390    |     0.380 | SETUP      | 8.0      | 8     | 02 01 00 00 86 00 00 00   <- CLEAR_FEATURE(ENDPOINT_HALT) ep=0x86
25.224413    |     0.023 | IN         | 8.0      | 0     | []
25.224928    |     0.515 | SETUP      | 8.0      | 8     | 02 01 00 00 05 00 00 00   <- CLEAR_FEATURE(ENDPOINT_HALT) ep=0x05
25.224955    |     0.027 | IN         | 8.0      | 0     | []
25.225262    |     0.307 | SETUP      | 8.0      | 8     | 02 01 00 00 83 00 00 00   <- CLEAR_FEATURE(ENDPOINT_HALT) ep=0x83
25.225286    |     0.024 | IN         | 8.0      | 0     | []
25.225625    |     0.339 | SETUP      | 8.0      | 8     | c0 49 00 00 00 00 01 00   <- GET_STATUS len=1
25.225649    |     0.024 | IN         | 8.0      | 1     | 12
25.225654    |     0.005 | OUT        | 8.0      | 0     | []
25.225665    |     0.011 | SETUP      | 8.0      | 8     | c0 49 00 00 00 00 01 00   <- GET_STATUS len=1
25.225689    |     0.024 | IN         | 8.0      | 1     | 12
25.225695    |     0.006 | OUT        | 8.0      | 0     | []
25.225705    |     0.010 | SETUP      | 8.0      | 8     | 40 49 32 00 00 00 00 00   <- SET_STATUS wValue=0x0032
25.225918    |     0.213 | IN         | 8.0      | 0     | []
25.225930    |     0.012 | SETUP      | 8.0      | 8     | c0 49 00 00 00 00 01 00   <- GET_STATUS len=1
25.225954    |     0.024 | IN         | 8.0      | 1     | 32
25.225959    |     0.005 | OUT        | 8.0      | 0     | []
25.225991    |     0.032 | SETUP      | 8.0      | 8     | c0 56 00 00 00 00 03 00   <- GET_FIRMWARE len=3
25.226015    |     0.024 | IN         | 8.0      | 3     | 31 01 06
25.226020    |     0.005 | OUT        | 8.0      | 0     | []
25.226398    |     0.378 | SETUP      | 8.0      | 8     | 01 0b 01 00 00 00 00 00   <- SET_INTERFACE intf=0 alt=1
25.226422    |     0.024 | IN         | 8.0      | 0     | []
25.227362    |     0.940 | SETUP      | 8.0      | 8     | 01 0b 01 00 01 00 00 00   <- SET_INTERFACE intf=1 alt=1
25.227395    |     0.033 | IN         | 8.0      | 0     | []
25.227791    |     0.396 | SETUP      | 8.0      | 8     | 02 01 00 00 86 00 00 00   <- CLEAR_FEATURE(ENDPOINT_HALT) ep=0x86
25.227815    |     0.024 | IN         | 8.0      | 0     | []
25.228201    |     0.386 | SETUP      | 8.0      | 8     | 02 01 00 00 05 00 00 00   <- CLEAR_FEATURE(ENDPOINT_HALT) ep=0x05
25.228225    |     0.024 | IN         | 8.0      | 0     | []
25.228575    |     0.350 | SETUP      | 8.0      | 8     | 02 01 00 00 83 00 00 00   <- CLEAR_FEATURE(ENDPOINT_HALT) ep=0x83
25.228598    |     0.023 | IN         | 8.0      | 0     | []
25.228974    |     0.376 | SETUP      | 8.0      | 8     | c0 49 00 00 00 00 01 00   <- GET_STATUS len=1
25.228998    |     0.024 | IN         | 8.0      | 1     | 32
25.229003    |     0.005 | OUT        | 8.0      | 0     | []
25.229014    |     0.011 | SETUP      | 8.0      | 8     | a2 81 00 01 00 00 03 00   <- GET_RATE ep=none wValue=0x0100 len=3
25.229121    |     0.107 | IN         | 8.0      | 3     | 44 ac 00
25.229127    |     0.006 | OUT        | 8.0      | 0     | []
25.244144    |    15.017 | SETUP      | 8.0      | 8     | 22 01 00 01 86 00 03 00   <- SET_RATE ep=0x86 wValue=0x0100 len=3
25.244169    |     0.025 | OUT        | 8.0      | 3     | 44 ac 00
25.244195    |     0.026 | IN         | 8.0      | 0     | []
25.244204    |     0.009 | SETUP      | 8.0      | 8     | 22 01 00 01 05 00 03 00   <- SET_RATE ep=0x05 wValue=0x0100 len=3
25.244270    |     0.066 | OUT        | 8.0      | 3     | 44 ac 00
25.244297    |     0.027 | IN         | 8.0      | 0     | []
25.244305    |     0.008 | SETUP      | 8.0      | 8     | 22 01 00 01 86 00 03 00   <- SET_RATE ep=0x86 wValue=0x0100 len=3
25.244372    |     0.067 | OUT        | 8.0      | 3     | 44 ac 00
25.244398    |     0.026 | IN         | 8.0      | 0     | []
25.244422    |     0.024 | SETUP      | 8.0      | 8     | 22 01 00 01 05 00 03 00   <- SET_RATE ep=0x05 wValue=0x0100 len=3
25.244473    |     0.051 | OUT        | 8.0      | 3     | 44 ac 00
25.244500    |     0.027 | IN         | 8.0      | 0     | []
25.244562    |     0.062 | SETUP      | 8.0      | 8     | 22 01 00 01 86 00 03 00   <- SET_RATE ep=0x86 wValue=0x0100 len=3
25.244587    |     0.025 | OUT        | 8.0      | 3     | 44 ac 00
25.244613    |     0.026 | IN         | 8.0      | 0     | []
25.244622    |     0.009 | SETUP      | 8.0      | 8     | a2 81 00 01 86 00 03 00   <- GET_RATE ep=0x86 wValue=0x0100 len=3
25.244750    |     0.128 | IN         | 8.0      | 3     | 44 ac 00
25.244756    |     0.006 | OUT        | 8.0      | 0     | []
25.295774    |    51.018 | SETUP      | 8.0      | 8     | c0 49 00 00 00 00 01 00   <- GET_STATUS len=1
25.295797    |     0.023 | IN         | 8.0      | 1     | 32
25.295808    |     0.011 | OUT        | 8.0      | 0     | []
25.295857    |     0.049 | SETUP      | 8.0      | 8     | c0 49 00 00 00 00 01 00   <- GET_STATUS len=1
25.295881    |     0.024 | IN         | 8.0      | 1     | 32
25.295887    |     0.006 | OUT        | 8.0      | 0     | []
25.295935    |     0.048 | OUT        | 8.5      | 512   | 00 00 00 00 00 00 00 00 00 00 00 00 00 00 00 00 ... [464 bytes] ... fd ff 00 00 00 00 00 00 00 00 00 00 00 00 00 00 00 00 00 00 00 00 00 00 00 00 00 00 00 00 00 00
25.295946    |     0.011 | OUT        | 8.5      | 512   | 00 00 00 00 00 00 00 00 00 00 00 00 00 00 00 00 ... [464 bytes] ... fd ff 00 00 00 00 00 00 00 00 00 00 00 00 00 00 00 00 00 00 00 00 00 00 00 00 00 00 00 00 00 00
25.307311    |    11.365 | IN         | 8.6      | 512   | 00 00 00 00 00 00 00 00 00 00 00 00 00 00 00 00 ... [464 bytes] ... 00 00 00 00 00 00 00 00 00 00 00 00 00 00 00 00 00 00 00 00 00 00 00 00 00 00 00 00 00 00 00 00
.... 39723 transactions omitted over 4.000436 s (25.307353 -> 29.307789): 22062 IN 8.6, 17661 OUT 8.5
29.307867    |     0.078 | OUT        | 8.5      | 512   | 03 03 03 03 03 03 03 03 03 03 00 00 00 00 00 00 ... [464 bytes] ... fd ff 00 00 00 00 00 00 00 00 00 00 00 00 00 00 00 00 00 00 00 00 00 00 00 00 00 00 00 00 00 00
29.308020    |     0.153 | OUT        | 8.5      | 512   | 03 03 03 03 03 03 03 00 03 00 00 03 03 03 03 03 ... [464 bytes] ... fd ff 00 00 00 00 00 00 00 00 00 00 00 00 00 00 00 00 00 00 00 00 00 00 00 00 00 00 00 00 00 00
29.308088    |     0.068 | IN         | 8.6      | 512   | 00 00 00 00 00 00 00 00 00 00 00 00 00 00 00 00 ... [464 bytes] ... 00 00 00 00 00 00 00 00 00 00 00 00 00 00 00 00 00 00 00 00 00 00 00 00 00 00 00 00 00 00 00 00
29.308238    |     0.150 | IN         | 8.3      | 5     | fd fd 7f 90 fb
29.308245    |     0.007 | OUT        | 8.5      | 512   | 00 00 00 00 00 00 00 03 03 03 00 00 03 00 03 00 ... [464 bytes] ... fd ff 00 00 00 00 00 00 00 00 00 00 00 00 00 00 00 00 00 00 00 00 00 00 00 00 00 00 00 00 00 00
29.308292    |     0.047 | IN         | 8.6      | 512   | 00 00 00 00 00 00 00 00 00 00 00 00 00 00 00 00 ... [464 bytes] ... 00 00 00 00 00 00 00 00 00 00 00 00 00 00 00 00 00 00 00 00 00 00 00 00 00 00 00 00 00 00 00 00
29.308467    |     0.175 | IN         | 8.6      | 512   | 00 00 00 00 00 00 00 00 00 00 00 00 00 00 00 00 ... [464 bytes] ... 00 00 00 00 00 00 00 00 00 00 00 00 00 00 00 00 00 00 00 00 00 00 00 00 00 00 00 00 00 00 00 00
.... 5 transactions omitted over 0.000295 s (29.308477 -> 29.308772): 2 IN 8.6, 3 OUT 8.5
29.308900    |     0.128 | IN         | 8.6      | 512   | 00 00 00 00 00 00 00 00 00 00 00 00 00 00 00 00 ... [464 bytes] ... 00 00 00 00 00 00 00 00 00 00 00 00 00 00 00 00 00 00 00 00 00 00 00 00 00 00 00 00 00 00 00 00
29.309076    |     0.176 | OUT        | 8.5      | 512   | 03 03 03 03 03 03 03 03 03 00 03 00 03 00 00 03 ... [464 bytes] ... fd ff 00 00 00 00 00 00 00 00 00 00 00 00 00 00 00 00 00 00 00 00 00 00 00 00 00 00 00 00 00 00
29.309148    |     0.072 | IN         | 8.6      | 512   | 00 00 00 00 00 00 00 00 00 00 00 00 00 00 00 00 ... [464 bytes] ... 00 00 00 00 00 00 00 00 00 00 00 00 00 00 00 00 00 00 00 00 00 00 00 00 00 00 00 00 00 00 00 00
29.309299    |     0.151 | IN         | 8.3      | 5     | fd fd 92 13 fb
29.309301    |     0.002 | IN         | 8.6      | 512   | 00 00 00 00 00 00 00 00 00 00 00 00 00 00 00 00 ... [464 bytes] ... 00 00 00 00 00 00 00 00 00 00 00 00 00 00 00 00 00 00 00 00 00 00 00 00 00 00 00 00 00 00 00 00
29.309311    |     0.010 | OUT        | 8.5      | 512   | 03 03 03 03 03 03 03 03 03 03 03 03 00 03 03 03 ... [464 bytes] ... fd ff 00 00 00 00 00 00 00 00 00 00 00 00 00 00 00 00 00 00 00 00 00 00 00 00 00 00 00 00 00 00
29.309492    |     0.181 | IN         | 8.6      | 512   | 00 00 00 00 00 00 00 00 00 00 00 00 00 00 00 00 ... [464 bytes] ... 00 00 00 00 00 00 00 00 00 00 00 00 00 00 00 00 00 00 00 00 00 00 00 00 00 00 00 00 00 00 00 00
.... 6 transactions omitted over 0.000469 s (29.309535 -> 29.310004): 3 IN 8.6, 3 OUT 8.5
29.310287    |     0.283 | IN         | 8.6      | 512   | 00 00 00 00 00 00 00 00 00 00 00 00 00 00 00 00 ... [464 bytes] ... 00 00 00 00 00 00 00 00 00 00 00 00 00 00 00 00 00 00 00 00 00 00 00 00 00 00 00 00 00 00 00 00
29.310297    |     0.010 | OUT        | 8.5      | 512   | 03 03 03 03 03 03 03 00 03 00 03 00 00 00 00 00 ... [464 bytes] ... fd ff 00 00 00 00 00 00 00 00 00 00 00 00 00 00 00 00 00 00 00 00 00 00 00 00 00 00 00 00 00 00
29.310458    |     0.161 | IN         | 8.6      | 512   | 00 00 00 00 00 00 00 00 00 00 00 00 00 00 00 00 ... [464 bytes] ... 00 00 00 00 00 00 00 00 00 00 00 00 00 00 00 00 00 00 00 00 00 00 00 00 00 00 00 00 00 00 00 00
29.310516    |     0.058 | IN         | 8.3      | 5     | fd fd fd 7f fb
29.310536    |     0.020 | OUT        | 8.5      | 512   | 00 00 00 00 00 00 00 00 00 03 00 00 00 03 03 00 ... [464 bytes] ... fd ff 00 00 00 00 00 00 00 00 00 00 00 00 00 00 00 00 00 00 00 00 00 00 00 00 00 00 00 00 00 00
29.310638    |     0.102 | IN         | 8.6      | 512   | 00 00 00 00 00 00 00 00 00 00 00 00 00 00 00 00 ... [464 bytes] ... 00 00 00 00 00 00 00 00 00 00 00 00 00 00 00 00 00 00 00 00 00 00 00 00 00 00 00 00 00 00 00 00
29.310737    |     0.099 | OUT        | 8.5      | 512   | 03 03 03 03 03 03 03 00 00 00 00 03 00 00 03 00 ... [464 bytes] ... fd ff 00 00 00 00 00 00 00 00 00 00 00 00 00 00 00 00 00 00 00 00 00 00 00 00 00 00 00 00 00 00
.... 8273 transactions omitted over 0.818725 s (29.310877 -> 30.129602): 4597 IN 8.6, 3676 OUT 8.5
30.129637    |     0.035 | IN         | 8.6      | 512   | 00 00 00 00 00 00 00 00 00 00 00 00 00 00 00 00 ... [464 bytes] ... 00 00 00 00 00 00 00 00 00 00 00 00 00 00 00 00 00 00 00 00 00 00 00 00 00 00 00 00 00 00 00 00
30.129819    |     0.182 | IN         | 8.6      | 512   | 00 00 00 00 00 00 00 00 00 00 00 00 00 00 00 00 ... [464 bytes] ... 00 00 00 00 00 00 00 00 00 00 00 00 00 00 00 00 00 00 00 00 00 00 00 00 00 00 00 00 00 00 00 00
30.129829    |     0.010 | OUT        | 8.5      | 512   | 00 00 00 00 00 00 03 00 00 00 03 00 03 03 03 00 ... [464 bytes] ... fd ff 00 00 00 00 00 00 00 00 00 00 00 00 00 00 00 00 00 00 00 00 00 00 00 00 00 00 00 00 00 00
30.129891    |     0.062 | IN         | 8.3      | 0     | []
30.129898    |     0.007 | OUT        | 8.5      | 512   | 03 03 03 03 03 03 00 00 00 00 00 00 03 00 00 03 ... [464 bytes] ... fd ff 00 00 00 00 00 00 00 00 00 00 00 00 00 00 00 00 00 00 00 00 00 00 00 00 00 00 00 00 00 00
30.130082    |     0.184 | IN         | 8.6      | 512   | 00 00 00 00 00 00 00 00 00 00 00 00 00 00 00 00 ... [464 bytes] ... 00 00 00 00 00 00 00 00 00 00 00 00 00 00 00 00 00 00 00 00 00 00 00 00 00 00 00 00 00 00 00 00
30.130125    |     0.043 | OUT        | 8.5      | 512   | 03 03 03 03 03 00 03 00 03 00 00 00 00 03 00 03 ... [464 bytes] ... fd ff 00 00 00 00 00 00 00 00 00 00 00 00 00 00 00 00 00 00 00 00 00 00 00 00 00 00 00 00 00 00
.... 30494 transactions omitted over 3.009405 s (30.130263 -> 33.139668): 16853 IN 8.6, 13641 OUT 8.5
33.139717    |     0.049 | IN         | 8.6      | 512   | 00 00 00 00 00 00 00 00 00 00 00 00 00 00 00 00 ... [464 bytes] ... 00 00 00 00 00 00 00 00 00 00 00 00 00 00 00 00 00 00 00 00 00 00 00 00 00 00 00 00 00 00 00 00
33.139870    |     0.153 | IN         | 8.6      | 512   | 00 00 00 00 00 00 00 00 00 00 00 00 00 00 00 00 ... [464 bytes] ... 00 00 00 00 00 00 00 00 00 00 00 00 00 00 00 00 00 00 00 00 00 00 00 00 00 00 00 00 00 00 00 00
33.139879    |     0.009 | OUT        | 8.5      | 512   | 03 03 03 03 03 03 00 03 00 03 00 03 03 03 03 00 ... [464 bytes] ... fd ff 00 00 00 00 00 00 00 00 00 00 00 00 00 00 00 00 00 00 00 00 00 00 00 00 00 00 00 00 00 00
33.139941    |     0.062 | IN         | 8.3      | 0     | []
33.140120    |     0.179 | IN         | 8.6      | 512   | 00 00 00 00 00 00 00 00 00 00 00 00 00 00 00 00 ... [464 bytes] ... 00 00 00 00 00 00 00 00 00 00 00 00 00 00 00 00 00 00 00 00 00 00 00 00 00 00 00 00 00 00 00 00
33.140130    |     0.010 | OUT        | 8.5      | 512   | 03 03 03 03 03 03 00 03 00 03 00 00 00 00 03 03 ... [464 bytes] ... fd ff 00 00 00 00 00 00 00 00 00 00 00 00 00 00 00 00 00 00 00 00 00 00 00 00 00 00 00 00 00 00
33.140301    |     0.171 | IN         | 8.6      | 512   | 00 00 00 00 00 00 00 00 00 00 00 00 00 00 00 00 ... [464 bytes] ... 00 00 00 00 00 00 00 00 00 00 00 00 00 00 00 00 00 00 00 00 00 00 00 00 00 00 00 00 00 00 00 00
.... 3189 transactions omitted over 0.316660 s (33.140344 -> 33.457004): 1766 IN 8.6, 1423 OUT 8.5
33.457039    |     0.035 | IN         | 8.6      | 512   | 00 00 00 00 00 00 00 00 00 00 00 00 00 00 00 00 ... [464 bytes] ... 00 00 00 00 00 00 00 00 00 00 00 00 00 00 00 00 00 00 00 00 00 00 00 00 00 00 00 00 00 00 00 00
33.457221    |     0.182 | IN         | 8.6      | 512   | 00 00 00 00 00 00 00 00 00 00 00 00 00 00 00 00 ... [464 bytes] ... 00 00 00 00 00 00 00 00 00 00 00 00 00 00 00 00 00 00 00 00 00 00 00 00 00 00 00 00 00 00 00 00
33.457231    |     0.010 | OUT        | 8.5      | 512   | 00 00 00 00 00 00 00 00 00 03 00 03 03 00 03 00 ... [464 bytes] ... fd ff 00 00 00 00 00 00 00 00 00 00 00 00 00 00 00 00 00 00 00 00 00 00 00 00 00 00 00 00 00 00
33.457293    |     0.062 | IN         | 8.3      | 0     | []
33.457300    |     0.007 | OUT        | 8.5      | 512   | 03 03 03 03 03 03 03 03 03 00 00 03 03 00 00 03 ... [464 bytes] ... fd ff 00 00 00 00 00 00 00 00 00 00 00 00 00 00 00 00 00 00 00 00 00 00 00 00 00 00 00 00 00 00
33.457482    |     0.182 | IN         | 8.6      | 512   | 00 00 00 00 00 00 00 00 00 00 00 00 00 00 00 00 ... [464 bytes] ... 00 00 00 00 00 00 00 00 00 00 00 00 00 00 00 00 00 00 00 00 00 00 00 00 00 00 00 00 00 00 00 00
33.457525    |     0.043 | OUT        | 8.5      | 512   | 00 00 00 00 00 00 00 00 03 03 00 03 00 00 03 00 ... [464 bytes] ... fd ff 00 00 00 00 00 00 00 00 00 00 00 00 00 00 00 00 00 00 00 00 00 00 00 00 00 00 00 00 00 00
.... 22961 transactions omitted over 2.262765 s (33.457662 -> 35.720427): 12678 IN 8.6, 10283 OUT 8.5
35.720554    |     0.127 | IN         | 8.6      | 512   | 00 00 00 00 00 00 00 00 00 00 00 00 00 00 00 00 ... [464 bytes] ... 00 00 00 00 00 00 00 00 00 00 00 00 00 00 00 00 00 00 00 00 00 00 00 00 00 00 00 00 00 00 00 00
35.720642    |     0.088 | OUT        | 8.5      | 512   | 00 00 00 00 00 00 03 03 00 00 00 03 03 03 00 03 ... [464 bytes] ... fd ff 00 00 00 00 00 00 00 00 00 00 00 00 00 00 00 00 00 00 00 00 00 00 00 00 00 00 00 00 00 00
35.720733    |     0.091 | IN         | 8.6      | 512   | 00 00 00 00 00 00 00 00 00 00 00 00 00 00 00 00 ... [464 bytes] ... 00 00 00 00 00 00 00 00 00 00 00 00 00 00 00 00 00 00 00 00 00 00 00 00 00 00 00 00 00 00 00 00
35.720777    |     0.044 | IN         | 8.3      | 0     | []
35.720804    |     0.027 | IN         | 8.6      | 512   | 00 00 00 00 00 00 00 00 00 00 00 00 00 00 00 00 ... [464 bytes] ... 00 00 00 00 00 00 00 00 00 00 00 00 00 00 00 00 00 00 00 00 00 00 00 00 00 00 00 00 00 00 00 00
35.720993    |     0.189 | IN         | 8.6      | 512   | 00 00 00 00 00 00 00 00 00 00 00 00 00 00 00 00 ... [464 bytes] ... 00 00 00 00 00 00 00 00 00 00 00 00 00 00 00 00 00 00 00 00 00 00 00 00 00 00 00 00 00 00 00 00
35.721002    |     0.009 | OUT        | 8.5      | 512   | 03 03 03 03 03 00 03 03 03 00 03 00 03 00 00 03 ... [464 bytes] ... fd ff 00 00 00 00 00 00 00 00 00 00 00 00 00 00 00 00 00 00 00 00 00 00 00 00 00 00 00 00 00 00
.... 23869 transactions omitted over 2.365191 s (35.721163 -> 38.086354): 13210 IN 8.6, 10659 OUT 8.5
38.086389    |     0.035 | IN         | 8.6      | 512   | 00 00 00 00 00 00 00 00 00 00 00 00 00 00 00 00 ... [464 bytes] ... 00 00 00 00 00 00 00 00 00 00 00 00 00 00 00 00 00 00 00 00 00 00 00 00 00 00 00 00 00 00 00 00
38.086594    |     0.205 | IN         | 8.6      | 512   | 00 00 00 00 00 00 00 00 00 00 00 00 00 00 00 00 ... [464 bytes] ... 00 00 00 00 00 00 00 00 00 00 00 00 00 00 00 00 00 00 00 00 00 00 00 00 00 00 00 00 00 00 00 00
38.086603    |     0.009 | OUT        | 8.5      | 512   | 00 00 00 00 00 00 00 00 03 00 00 00 03 00 03 03 ... [464 bytes] ... fd ff 00 00 00 00 00 00 00 00 00 00 00 00 00 00 00 00 00 00 00 00 00 00 00 00 00 00 00 00 00 00
38.086665    |     0.062 | IN         | 8.3      | 0     | []
38.086672    |     0.007 | OUT        | 8.5      | 512   | 03 03 03 03 03 03 03 03 00 00 03 03 00 03 00 03 ... [464 bytes] ... fd ff 00 00 00 00 00 00 00 00 00 00 00 00 00 00 00 00 00 00 00 00 00 00 00 00 00 00 00 00 00 00
38.086833    |     0.161 | IN         | 8.6      | 512   | 00 00 00 00 00 00 00 00 00 00 00 00 00 00 00 00 ... [464 bytes] ... 00 00 00 00 00 00 00 00 00 00 00 00 00 00 00 00 00 00 00 00 00 00 00 00 00 00 00 00 00 00 00 00
38.086899    |     0.066 | OUT        | 8.5      | 512   | 03 03 03 03 03 03 03 03 03 00 00 00 03 03 03 00 ... [464 bytes] ... fd ff 00 00 00 00 00 00 00 00 00 00 00 00 00 00 00 00 00 00 00 00 00 00 00 00 00 00 00 00 00 00
.... 2968 transactions omitted over 0.294593 s (38.087015 -> 38.381608): 1650 IN 8.6, 1318 OUT 8.5
38.381643    |     0.035 | IN         | 8.6      | 512   | 00 00 00 00 00 00 00 00 00 00 00 00 00 00 00 00 ... [464 bytes] ... 00 00 00 00 00 00 00 00 00 00 00 00 00 00 00 00 00 00 00 00 00 00 00 00 00 00 00 00 00 00 00 00
38.381819    |     0.176 | IN         | 8.6      | 512   | 00 00 00 00 00 00 00 00 00 00 00 00 00 00 00 00 ... [464 bytes] ... 00 00 00 00 00 00 00 00 00 00 00 00 00 00 00 00 00 00 00 00 00 00 00 00 00 00 00 00 00 00 00 00
38.381829    |     0.010 | OUT        | 8.5      | 512   | 03 03 03 03 03 03 03 03 03 03 03 00 03 03 03 00 ... [464 bytes] ... fd ff 00 00 00 00 00 00 00 00 00 00 00 00 00 00 00 00 00 00 00 00 00 00 00 00 00 00 00 00 00 00
38.381891    |     0.062 | IN         | 8.3      | 0     | []
38.382047    |     0.156 | IN         | 8.6      | 512   | 00 00 00 00 00 00 00 00 00 00 00 00 00 00 00 00 ... [464 bytes] ... 00 00 00 00 00 00 00 00 00 00 00 00 00 00 00 00 00 00 00 00 00 00 00 00 00 00 00 00 00 00 00 00
38.382091    |     0.044 | OUT        | 8.5      | 512   | 03 03 03 03 03 03 03 03 03 03 00 03 00 03 00 03 ... [464 bytes] ... fd ff 00 00 00 00 00 00 00 00 00 00 00 00 00 00 00 00 00 00 00 00 00 00 00 00 00 00 00 00 00 00
38.382251    |     0.160 | IN         | 8.6      | 512   | 00 00 00 00 00 00 00 00 00 00 00 00 00 00 00 00 ... [464 bytes] ... 00 00 00 00 00 00 00 00 00 00 00 00 00 00 00 00 00 00 00 00 00 00 00 00 00 00 00 00 00 00 00 00
.... 554 transactions omitted over 0.054160 s (38.382317 -> 38.436477): 307 IN 8.6, 247 OUT 8.5
38.436512    |     0.035 | IN         | 8.6      | 512   | 00 00 00 00 00 00 00 00 00 00 00 00 00 00 00 00 ... [464 bytes] ... 00 00 00 00 00 00 00 00 00 00 00 00 00 00 00 00 00 00 00 00 00 00 00 00 00 00 00 00 00 00 00 00
38.436695    |     0.183 | IN         | 8.6      | 512   | 00 00 00 00 00 00 00 00 00 00 00 00 00 00 00 00 ... [464 bytes] ... 00 00 00 00 00 00 00 00 00 00 00 00 00 00 00 00 00 00 00 00 00 00 00 00 00 00 00 00 00 00 00 00
38.436704    |     0.009 | OUT        | 8.5      | 512   | 00 00 00 00 00 00 00 00 00 03 00 00 03 03 00 00 ... [464 bytes] ... fd ff 00 00 00 00 00 00 00 00 00 00 00 00 00 00 00 00 00 00 00 00 00 00 00 00 00 00 00 00 00 00
38.436767    |     0.063 | IN         | 8.3      | 0     | []
38.436805    |     0.038 | OUT        | 8.5      | 512   | 03 03 03 03 03 03 03 03 03 03 00 00 03 00 00 03 ... [464 bytes] ... fd ff 00 00 00 00 00 00 00 00 00 00 00 00 00 00 00 00 00 00 00 00 00 00 00 00 00 00 00 00 00 00
38.436943    |     0.138 | IN         | 8.6      | 512   | 00 00 00 00 00 00 00 00 00 00 00 00 00 00 00 00 ... [464 bytes] ... 00 00 00 00 00 00 00 00 00 00 00 00 00 00 00 00 00 00 00 00 00 00 00 00 00 00 00 00 00 00 00 00
38.437044    |     0.101 | OUT        | 8.5      | 512   | 03 03 03 03 03 03 03 03 03 00 03 00 03 03 03 03 ... [464 bytes] ... fd ff 00 00 00 00 00 00 00 00 00 00 00 00 00 00 00 00 00 00 00 00 00 00 00 00 00 00 00 00 00 00
.... 17393 transactions omitted over 1.722503 s (38.437135 -> 40.159638): 9601 IN 8.6, 7792 OUT 8.5
40.159813    |     0.175 | IN         | 8.6      | 512   | 00 00 00 00 00 00 00 00 00 00 00 00 00 00 00 00 ... [464 bytes] ... 00 00 00 00 00 00 00 00 00 00 00 00 00 00 00 00 00 00 00 00 00 00 00 00 00 00 00 00 00 00 00 00
40.159823    |     0.010 | OUT        | 8.5      | 512   | 00 00 00 00 00 00 00 00 00 00 00 00 00 00 00 00 ... [464 bytes] ... fd ff 00 00 00 00 00 00 00 00 00 00 00 00 00 00 00 00 00 00 00 00 00 00 00 00 00 00 00 00 00 00
40.159984    |     0.161 | IN         | 8.6      | 512   | 00 00 00 00 00 00 00 00 00 00 00 00 00 00 00 00 ... [464 bytes] ... 00 00 00 00 00 00 00 00 00 00 00 00 00 00 00 00 00 00 00 00 00 00 00 00 00 00 00 00 00 00 00 00
44.721464    |  4561.480 | SETUP      | 0.0      | 8     | 80 06 00 01 00 00 40 00   <- GET_DESCRIPTOR wValue=0x0100 len=64
44.721530    |     0.066 | IN         | 0.0      | 18    | 12 01 00 02 ff ff ff 40 0c 20 37 10 00 01 01 02 03 01
44.721536    |     0.006 | OUT        | 0.0      | 0     | []
44.838714    |   117.178 | SETUP      | 0.0      | 8     | 00 05 09 00 00 00 00 00   <- SET_ADDRESS wValue=0x0009
44.838735    |     0.021 | IN         | 0.0      | 0     | []
44.854685    |    15.950 | SETUP      | 9.0      | 8     | 80 06 00 01 00 00 12 00   <- GET_DESCRIPTOR wValue=0x0100 len=18
44.854751    |     0.066 | IN         | 9.0      | 18    | 12 01 00 02 ff ff ff 40 0c 20 37 10 00 01 01 02 03 01
44.854757    |     0.006 | OUT        | 9.0      | 0     | []
44.854806    |     0.049 | SETUP      | 9.0      | 8     | 80 06 00 02 00 00 09 00   <- GET_DESCRIPTOR wValue=0x0200 len=9
44.854851    |     0.045 | IN         | 9.0      | 9     | 09 02 49 00 02 01 00 c0 00
44.854856    |     0.005 | OUT        | 9.0      | 0     | []
44.854921    |     0.065 | SETUP      | 9.0      | 8     | 80 06 00 02 00 00 49 00   <- GET_DESCRIPTOR wValue=0x0200 len=73
44.855076    |     0.155 | IN         | 9.0      | 64    | 09 02 49 00 02 01 00 c0 00 09 04 00 00 00 ff 00 ... [16 bytes] ... 00 01 07 05 83 02 00 02 01 07 05 05 02 00 02 01 09 04 01 00 00 ff 00 00 00 09 04 01 01 01 ff 00
44.855100    |     0.024 | IN         | 9.0      | 9     | 00 00 07 05 86 02 00 02 01
44.855106    |     0.006 | OUT        | 9.0      | 0     | []
44.855123    |     0.017 | SETUP      | 9.0      | 8     | 80 06 00 03 00 00 ff 00   <- GET_DESCRIPTOR wValue=0x0300 len=255
44.855167    |     0.044 | IN         | 9.0      | 4     | 04 03 09 04
44.855173    |     0.006 | OUT        | 9.0      | 0     | []
44.855219    |     0.046 | SETUP      | 9.0      | 8     | 80 06 02 03 09 04 ff 00   <- GET_DESCRIPTOR wValue=0x0302 wIndex=0x0409 len=255
44.855285    |     0.066 | IN         | 9.0      | 30    | 1e 03 4a 00 6f 00 63 00 6b 00 65 00 79 00 20 00 33 00 20 00 52 00 65 00 6d 00 69 00 78 00
44.855291    |     0.006 | OUT        | 9.0      | 0     | []
44.855337    |     0.046 | SETUP      | 9.0      | 8     | 80 06 01 03 09 04 ff 00   <- GET_DESCRIPTOR wValue=0x0301 wIndex=0x0409 len=255
44.855382    |     0.045 | IN         | 9.0      | 14    | 0e 03 72 00 65 00 6c 00 6f 00 6f 00 70 00
44.855388    |     0.006 | OUT        | 9.0      | 0     | []
44.855434    |     0.046 | SETUP      | 9.0      | 8     | 80 06 03 03 09 04 ff 00   <- GET_DESCRIPTOR wValue=0x0303 wIndex=0x0409 len=255
44.855520    |     0.086 | IN         | 9.0      | 34    | 22 03 6e 00 6f 00 20 00 73 00 65 00 72 00 69 00 61 00 6c 00 20 00 6e 00 75 00 6d 00 62 00 65 00 72 00
44.855526    |     0.006 | OUT        | 9.0      | 0     | []
44.884708    |    29.182 | SETUP      | 9.0      | 8     | 00 09 01 00 00 00 00 00   <- SET_CONFIGURATION wValue=0x0001
44.884741    |     0.033 | IN         | 9.0      | 0     | []
44.884838    |     0.097 | SETUP      | 9.0      | 8     | c0 56 00 00 00 00 03 00   <- GET_FIRMWARE len=3
44.884861    |     0.023 | IN         | 9.0      | 3     | 31 01 06
44.884874    |     0.013 | OUT        | 9.0      | 0     | []
44.885162    |     0.288 | SETUP      | 9.0      | 8     | 01 0b 01 00 00 00 00 00   <- SET_INTERFACE intf=0 alt=1
44.885193    |     0.031 | IN         | 9.0      | 0     | []
44.886183    |     0.990 | SETUP      | 9.0      | 8     | 01 0b 01 00 01 00 00 00   <- SET_INTERFACE intf=1 alt=1
44.886206    |     0.023 | IN         | 9.0      | 0     | []
44.886560    |     0.354 | SETUP      | 9.0      | 8     | 02 01 00 00 86 00 00 00   <- CLEAR_FEATURE(ENDPOINT_HALT) ep=0x86
44.886583    |     0.023 | IN         | 9.0      | 0     | []
44.886914    |     0.331 | SETUP      | 9.0      | 8     | 02 01 00 00 05 00 00 00   <- CLEAR_FEATURE(ENDPOINT_HALT) ep=0x05
44.886937    |     0.023 | IN         | 9.0      | 0     | []
44.887344    |     0.407 | SETUP      | 9.0      | 8     | 02 01 00 00 83 00 00 00   <- CLEAR_FEATURE(ENDPOINT_HALT) ep=0x83
44.887367    |     0.023 | IN         | 9.0      | 0     | []
44.887773    |     0.406 | SETUP      | 9.0      | 8     | c0 49 00 00 00 00 01 00   <- GET_STATUS len=1
44.887806    |     0.033 | IN         | 9.0      | 1     | 12
44.887812    |     0.006 | OUT        | 9.0      | 0     | []
44.887876    |     0.064 | SETUP      | 9.0      | 8     | c0 49 00 00 00 00 01 00   <- GET_STATUS len=1
44.887899    |     0.023 | IN         | 9.0      | 1     | 12
44.887905    |     0.006 | OUT        | 9.0      | 0     | []
44.887963    |     0.058 | SETUP      | 9.0      | 8     | 40 49 32 00 00 00 00 00   <- SET_STATUS wValue=0x0032
44.888175    |     0.212 | IN         | 9.0      | 0     | []
44.888187    |     0.012 | SETUP      | 9.0      | 8     | c0 49 00 00 00 00 01 00   <- GET_STATUS len=1
44.888210    |     0.023 | IN         | 9.0      | 1     | 32
44.888218    |     0.008 | OUT        | 9.0      | 0     | []
44.888282    |     0.064 | SETUP      | 9.0      | 8     | c0 56 00 00 00 00 03 00   <- GET_FIRMWARE len=3
44.888305    |     0.023 | IN         | 9.0      | 3     | 31 01 06
44.888311    |     0.006 | OUT        | 9.0      | 0     | []
44.888718    |     0.407 | SETUP      | 9.0      | 8     | 01 0b 01 00 00 00 00 00   <- SET_INTERFACE intf=0 alt=1
44.888741    |     0.023 | IN         | 9.0      | 0     | []
44.889736    |     0.995 | SETUP      | 9.0      | 8     | 01 0b 01 00 01 00 00 00   <- SET_INTERFACE intf=1 alt=1
44.889760    |     0.024 | IN         | 9.0      | 0     | []
44.890195    |     0.435 | SETUP      | 9.0      | 8     | 02 01 00 00 86 00 00 00   <- CLEAR_FEATURE(ENDPOINT_HALT) ep=0x86
44.890224    |     0.029 | IN         | 9.0      | 0     | []
44.890586    |     0.362 | SETUP      | 9.0      | 8     | 02 01 00 00 05 00 00 00   <- CLEAR_FEATURE(ENDPOINT_HALT) ep=0x05
44.890610    |     0.024 | IN         | 9.0      | 0     | []
44.890957    |     0.347 | SETUP      | 9.0      | 8     | 02 01 00 00 83 00 00 00   <- CLEAR_FEATURE(ENDPOINT_HALT) ep=0x83
44.890981    |     0.024 | IN         | 9.0      | 0     | []
44.891413    |     0.432 | SETUP      | 9.0      | 8     | c0 49 00 00 00 00 01 00   <- GET_STATUS len=1
44.891436    |     0.023 | IN         | 9.0      | 1     | 32
44.891441    |     0.005 | OUT        | 9.0      | 0     | []
44.891481    |     0.040 | SETUP      | 9.0      | 8     | a2 81 00 01 00 00 03 00   <- GET_RATE ep=none wValue=0x0100 len=3
44.891610    |     0.129 | IN         | 9.0      | 3     | 44 ac 00
44.891615    |     0.005 | OUT        | 9.0      | 0     | []
44.906721    |    15.106 | SETUP      | 9.0      | 8     | 22 01 00 01 86 00 03 00   <- SET_RATE ep=0x86 wValue=0x0100 len=3
44.906746    |     0.025 | OUT        | 9.0      | 3     | 44 ac 00
44.906772    |     0.026 | IN         | 9.0      | 0     | []
44.906835    |     0.063 | SETUP      | 9.0      | 8     | 22 01 00 01 05 00 03 00   <- SET_RATE ep=0x05 wValue=0x0100 len=3
44.906860    |     0.025 | OUT        | 9.0      | 3     | 44 ac 00
44.906886    |     0.026 | IN         | 9.0      | 0     | []
44.906932    |     0.046 | SETUP      | 9.0      | 8     | 22 01 00 01 86 00 03 00   <- SET_RATE ep=0x86 wValue=0x0100 len=3
44.906956    |     0.024 | OUT        | 9.0      | 3     | 44 ac 00
44.906982    |     0.026 | IN         | 9.0      | 0     | []
44.907028    |     0.046 | SETUP      | 9.0      | 8     | 22 01 00 01 05 00 03 00   <- SET_RATE ep=0x05 wValue=0x0100 len=3
44.907053    |     0.025 | OUT        | 9.0      | 3     | 44 ac 00
44.907079    |     0.026 | IN         | 9.0      | 0     | []
44.907134    |     0.055 | SETUP      | 9.0      | 8     | 22 01 00 01 86 00 03 00   <- SET_RATE ep=0x86 wValue=0x0100 len=3
44.907159    |     0.025 | OUT        | 9.0      | 3     | 44 ac 00
44.907185    |     0.026 | IN         | 9.0      | 0     | []
44.907193    |     0.008 | SETUP      | 9.0      | 8     | a2 81 00 01 86 00 03 00   <- GET_RATE ep=0x86 wValue=0x0100 len=3
44.907364    |     0.171 | IN         | 9.0      | 3     | 44 ac 00
44.907369    |     0.005 | OUT        | 9.0      | 0     | []
44.958411    |    51.042 | SETUP      | 9.0      | 8     | c0 49 00 00 00 00 01 00   <- GET_STATUS len=1
44.958435    |     0.024 | IN         | 9.0      | 1     | 32
44.958440    |     0.005 | OUT        | 9.0      | 0     | []
44.958483    |     0.043 | SETUP      | 9.0      | 8     | c0 49 00 00 00 00 01 00   <- GET_STATUS len=1
44.958507    |     0.024 | IN         | 9.0      | 1     | 32
44.958518    |     0.011 | OUT        | 9.0      | 0     | []
44.958529    |     0.011 | OUT        | 9.5      | 512   | 00 00 00 00 00 00 00 00 00 00 00 00 00 00 00 00 ... [464 bytes] ... fd ff 00 00 00 00 00 00 00 00 00 00 00 00 00 00 00 00 00 00 00 00 00 00 00 00 00 00 00 00 00 00
44.958539    |     0.010 | OUT        | 9.5      | 512   | 00 00 00 00 00 00 00 00 00 00 00 00 00 00 00 00 ... [464 bytes] ... fd ff 00 00 00 00 00 00 00 00 00 00 00 00 00 00 00 00 00 00 00 00 00 00 00 00 00 00 00 00 00 00
44.973178    |    14.639 | IN         | 9.6      | 512   | 00 00 00 00 00 00 00 00 00 00 00 00 00 00 00 00 ... [464 bytes] ... 00 00 00 00 00 00 00 00 00 00 00 00 00 00 00 00 00 00 00 00 00 00 00 00 00 00 00 00 00 00 00 00
.... 33702 transactions omitted over 3.386534 s (44.973243 -> 48.359777): 18716 IN 9.6, 14986 OUT 9.5
48.359916    |     0.139 | IN         | 9.6      | 512   | 00 00 00 00 00 00 00 00 00 00 00 00 00 00 00 00 ... [464 bytes] ... 00 00 00 00 00 00 00 00 00 00 00 00 00 00 00 00 00 00 00 00 00 00 00 00 00 00 00 00 00 00 00 00
48.359926    |     0.010 | OUT        | 9.5      | 512   | 00 00 00 00 00 00 00 00 00 00 00 00 00 00 00 00 ... [464 bytes] ... fd ff 00 00 00 00 00 00 00 00 00 00 00 00 00 00 00 00 00 00 00 00 00 00 00 00 00 00 00 00 00 00
48.360117    |     0.191 | IN         | 9.6      | 512   | 00 00 00 00 00 00 00 00 00 00 00 00 00 00 00 00 ... [464 bytes] ... 00 00 00 00 00 00 00 00 00 00 00 00 00 00 00 00 00 00 00 00 00 00 00 00 00 00 00 00 00 00 00 00
48.360152    |     0.035 | IN         | 9.3      | 5     | fd fd fd 90 fb
48.360159    |     0.007 | OUT        | 9.5      | 512   | 00 00 00 00 00 00 00 00 00 00 00 00 00 00 00 00 ... [464 bytes] ... fd ff 00 00 00 00 00 00 00 00 00 00 00 00 00 00 00 00 00 00 00 00 00 00 00 00 00 00 00 00 00 00
48.360286    |     0.127 | IN         | 9.6      | 512   | 00 00 00 00 00 00 00 00 00 00 00 00 00 00 00 00 ... [464 bytes] ... 00 00 00 00 00 00 00 00 00 00 00 00 00 00 00 00 00 00 00 00 00 00 00 00 00 00 00 00 00 00 00 00
48.360375    |     0.089 | OUT        | 9.5      | 512   | 00 00 00 00 00 00 00 00 00 00 00 00 00 00 00 00 ... [464 bytes] ... fd ff 00 00 00 00 00 00 00 00 00 00 00 00 00 00 00 00 00 00 00 00 00 00 00 00 00 00 00 00 00 00
48.360461    |     0.086 | IN         | 9.3      | 5     | fd fd fd 3b fb
48.360465    |     0.004 | OUT        | 9.5      | 512   | 00 00 00 00 00 00 00 00 00 00 00 00 00 00 00 00 ... [464 bytes] ... fd ff 00 00 00 00 00 00 00 00 00 00 00 00 00 00 00 00 00 00 00 00 00 00 00 00 00 00 00 00 00 00
48.360544    |     0.079 | IN         | 9.6      | 512   | 00 00 00 00 00 00 00 00 00 00 00 00 00 00 00 00 ... [464 bytes] ... 00 00 00 00 00 00 00 00 00 00 00 00 00 00 00 00 00 00 00 00 00 00 00 00 00 00 00 00 00 00 00 00
48.360703    |     0.159 | OUT        | 9.5      | 512   | 00 00 00 00 00 00 00 00 00 00 00 00 00 00 00 00 ... [464 bytes] ... fd ff 00 00 00 00 00 00 00 00 00 00 00 00 00 00 00 00 00 00 00 00 00 00 00 00 00 00 00 00 00 00
48.360738    |     0.035 | IN         | 9.6      | 512   | 00 00 00 00 00 00 00 00 00 00 00 00 00 00 00 00 ... [464 bytes] ... 00 00 00 00 00 00 00 00 00 00 00 00 00 00 00 00 00 00 00 00 00 00 00 00 00 00 00 00 00 00 00 00
48.360917    |     0.179 | IN         | 9.3      | 5     | fd fd fd 7f fb
48.360920    |     0.003 | IN         | 9.6      | 512   | 00 00 00 00 00 00 00 00 00 00 00 00 00 00 00 00 ... [464 bytes] ... 00 00 00 00 00 00 00 00 00 00 00 00 00 00 00 00 00 00 00 00 00 00 00 00 00 00 00 00 00 00 00 00
48.360929    |     0.009 | OUT        | 9.5      | 512   | 00 00 00 00 00 00 00 00 00 00 00 00 00 00 00 00 ... [464 bytes] ... fd ff 00 00 00 00 00 00 00 00 00 00 00 00 00 00 00 00 00 00 00 00 00 00 00 00 00 00 00 00 00 00
48.361121    |     0.192 | IN         | 9.6      | 512   | 00 00 00 00 00 00 00 00 00 00 00 00 00 00 00 00 ... [464 bytes] ... 00 00 00 00 00 00 00 00 00 00 00 00 00 00 00 00 00 00 00 00 00 00 00 00 00 00 00 00 00 00 00 00
.... 3 transactions omitted over 0.000239 s (48.361164 -> 48.361403): 1 IN 9.6, 2 OUT 9.5
48.361471    |     0.068 | IN         | 9.6      | 512   | 00 00 00 00 00 00 00 00 00 00 00 00 00 00 00 00 ... [464 bytes] ... 00 00 00 00 00 00 00 00 00 00 00 00 00 00 00 00 00 00 00 00 00 00 00 00 00 00 00 00 00 00 00 00
48.361587    |     0.116 | OUT        | 9.5      | 512   | 00 00 00 00 00 00 00 00 00 00 00 00 00 00 00 00 ... [464 bytes] ... fd ff 00 00 00 00 00 00 00 00 00 00 00 00 00 00 00 00 00 00 00 00 00 00 00 00 00 00 00 00 00 00
48.361622    |     0.035 | IN         | 9.6      | 512   | 00 00 00 00 00 00 00 00 00 00 00 00 00 00 00 00 ... [464 bytes] ... 00 00 00 00 00 00 00 00 00 00 00 00 00 00 00 00 00 00 00 00 00 00 00 00 00 00 00 00 00 00 00 00
48.361796    |     0.174 | IN         | 9.3      | 5     | fd fd fd 92 fb
48.361798    |     0.002 | IN         | 9.6      | 512   | 00 00 00 00 00 00 00 00 00 00 00 00 00 00 00 00 ... [464 bytes] ... 00 00 00 00 00 00 00 00 00 00 00 00 00 00 00 00 00 00 00 00 00 00 00 00 00 00 00 00 00 00 00 00
48.361808    |     0.010 | OUT        | 9.5      | 512   | 00 00 00 00 00 00 00 00 00 00 00 00 00 00 00 00 ... [464 bytes] ... fd ff 00 00 00 00 00 00 00 00 00 00 00 00 00 00 00 00 00 00 00 00 00 00 00 00 00 00 00 00 00 00
48.361979    |     0.171 | IN         | 9.6      | 512   | 00 00 00 00 00 00 00 00 00 00 00 00 00 00 00 00 ... [464 bytes] ... 00 00 00 00 00 00 00 00 00 00 00 00 00 00 00 00 00 00 00 00 00 00 00 00 00 00 00 00 00 00 00 00
.... 6 transactions omitted over 0.000499 s (48.362022 -> 48.362521): 3 IN 9.6, 3 OUT 9.5
48.362615    |     0.094 | IN         | 9.6      | 512   | 00 00 00 00 00 00 00 00 00 00 00 00 00 00 00 00 ... [464 bytes] ... 00 00 00 00 00 00 00 00 00 00 00 00 00 00 00 00 00 00 00 00 00 00 00 00 00 00 00 00 00 00 00 00
48.362625    |     0.010 | OUT        | 9.5      | 512   | 00 00 00 00 00 00 00 00 00 00 00 00 00 00 00 00 ... [464 bytes] ... fd ff 00 00 00 00 00 00 00 00 00 00 00 00 00 00 00 00 00 00 00 00 00 00 00 00 00 00 00 00 00 00
48.362816    |     0.191 | IN         | 9.6      | 512   | 00 00 00 00 00 00 00 00 00 00 00 00 00 00 00 00 ... [464 bytes] ... 00 00 00 00 00 00 00 00 00 00 00 00 00 00 00 00 00 00 00 00 00 00 00 00 00 00 00 00 00 00 00 00
48.362851    |     0.035 | IN         | 9.3      | 5     | fd fd 13 7f fb
48.362858    |     0.007 | OUT        | 9.5      | 512   | 00 00 00 00 00 00 00 00 00 00 00 00 00 00 00 00 ... [464 bytes] ... fd ff 00 00 00 00 00 00 00 00 00 00 00 00 00 00 00 00 00 00 00 00 00 00 00 00 00 00 00 00 00 00
48.362985    |     0.127 | IN         | 9.6      | 512   | 00 00 00 00 00 00 00 00 00 00 00 00 00 00 00 00 ... [464 bytes] ... 00 00 00 00 00 00 00 00 00 00 00 00 00 00 00 00 00 00 00 00 00 00 00 00 00 00 00 00 00 00 00 00
48.363073    |     0.088 | OUT        | 9.5      | 512   | 00 00 00 00 00 00 00 00 00 00 00 00 00 00 00 00 ... [464 bytes] ... fd ff 00 00 00 00 00 00 00 00 00 00 00 00 00 00 00 00 00 00 00 00 00 00 00 00 00 00 00 00 00 00
.... 13782 transactions omitted over 1.370573 s (48.363281 -> 49.733854): 7624 IN 9.6, 6158 OUT 9.5
49.733889    |     0.035 | IN         | 9.6      | 512   | 00 00 00 00 00 00 00 00 00 00 00 00 00 00 00 00 ... [464 bytes] ... 00 00 00 00 00 00 00 00 00 00 00 00 00 00 00 00 00 00 00 00 00 00 00 00 00 00 00 00 00 00 00 00
49.734075    |     0.186 | IN         | 9.6      | 512   | 00 00 00 00 00 00 00 00 00 00 00 00 00 00 00 00 ... [464 bytes] ... 00 00 00 00 00 00 00 00 00 00 00 00 00 00 00 00 00 00 00 00 00 00 00 00 00 00 00 00 00 00 00 00
49.734085    |     0.010 | OUT        | 9.5      | 512   | 03 03 03 03 03 03 00 03 00 03 00 00 03 03 03 00 ... [464 bytes] ... fd ff 00 00 00 00 00 00 00 00 00 00 00 00 00 00 00 00 00 00 00 00 00 00 00 00 00 00 00 00 00 00
